"subjectID";"expStartTime";"block";"total_visited";"unique_patches"
1;20190305120100;"baseline";9;6
1;20190305120100;"main";6;6
2;20190305130517;"baseline";5;5
2;20190305130517;"main";6;6
3;20190307131255;"baseline";3;2
3;20190307131255;"main";3;3
4;20190307140827;"baseline";7;6
4;20190307140827;"main";7;7
5;20190307150331;"baseline";10;6
5;20190307150331;"main";4;4
6;20190307162250;"baseline";8;6
6;20190307162250;"main";7;7
7;20190307162831;"baseline";6;4
7;20190307162831;"main";4;4
8;20190308100723;"baseline";10;5
8;20190308100723;"main";6;6
9;20190308105914;"baseline";8;6
10;20190308130944;"baseline";7;7
10;20190308130944;"main";7;7
11;20190311130834;"baseline";8;6
11;20190311130834;"main";5;5
12;20190311131502;"baseline";6;4
12;20190311131502;"main";6;6
13;20190314120341;"baseline";7;7
13;20190314120341;"main";7;7
14;20190314130014;"baseline";9;9
14;20190314130014;"main";9;8
15;20190314135727;"baseline";12;5
15;20190314135727;"main";5;5
16;20190314141803;"baseline";17;1
16;20190314141803;"main";8;6
17;20190314155740;"baseline";8;8
17;20190314155740;"main";8;8
18;20190315110553;"baseline";13;9
18;20190315110553;"main";10;8
19;20190315132114;"baseline";6;5
19;20190315132114;"main";6;6
20;20190319131435;"baseline";7;6
20;20190319131435;"main";6;6
21;20190319140759;"baseline";10;9
21;20190319140759;"main";9;9
22;20190319162354;"baseline";4;4
22;20190319162354;"main";6;5
23;20190321130324;"baseline";16;4
23;20190321130324;"main";5;5
24;20190321141908;"baseline";8;4
24;20190321141908;"main";5;5
25;20190321160412;"baseline";4;4
25;20190321160412;"main";4;4
26;20190321170756;"baseline";13;5
26;20190321170756;"main";6;5
27;20190322100817;"baseline";10;4
27;20190322100817;"main";6;6
28;20190322120902;"baseline";9;4
28;20190322120902;"main";4;4
29;20190326140454;"baseline";9;9
29;20190326140454;"main";5;5
30;20190326145938;"baseline";7;4
30;20190326145938;"main";7;6
31;20190305131226;"baseline";7;6
31;20190305131226;"main";5;5
31;20190326161208;"baseline";9;7
31;20190326161208;"main";6;6
32;20190305140259;"baseline";7;5
32;20190305140259;"main";5;5
32;20190326160652;"baseline";8;8
32;20190326160652;"main";8;8
33;20190305145601;"baseline";18;8
33;20190305145601;"main";9;8
34;20190305153457;"baseline";11;6
34;20190305153457;"main";7;6
35;20190305161213;"baseline";10;5
35;20190305161213;"main";8;5
36;2019030791022;"baseline";11;9
36;2019030791022;"main";8;8
37;20190307110426;"baseline";5;2
37;20190307110426;"main";4;4
38;20190308130648;"baseline";14;6
38;20190308130648;"main";8;8
39;20190308140525;"baseline";16;6
39;20190308140525;"main";7;6
40;20190308150423;"baseline";6;6
40;20190308150423;"main";9;8
40;20190308161404;"baseline";9;7
40;20190308161404;"main";7;6
42;20190312130251;"baseline";12;5
42;20190312130251;"main";6;6
43;20190312131046;"baseline";18;3
43;20190312131046;"main";5;5
44;20190312134824;"baseline";7;6
44;20190312134824;"main";7;7
45;20190312140218;"baseline";8;4
45;20190312140218;"main";5;5
45;20190312160113;"baseline";7;7
46;20190312151922;"baseline";6;6
46;20190312151922;"main";8;8
47;20190312161633;"main";6;6
48;2019031485821;"baseline";9;4
48;2019031485821;"main";6;5
49;20190314100717;"baseline";10;6
49;20190314100717;"main";7;7
50;20190314111018;"baseline";11;6
50;20190314111018;"main";9;9
51;20190314121020;"baseline";7;5
51;20190314121020;"main";9;7
52;20190314160712;"baseline";7;6
52;20190314160712;"main";7;7
53;20190319110512;"baseline";8;6
53;20190319110512;"main";5;5
54;20190319120217;"baseline";7;6
54;20190319120217;"main";7;7
55;20190319120811;"baseline";6;3
55;20190319120811;"main";3;3
56;2019032195805;"baseline";7;6
56;2019032195805;"main";7;6
57;20190321112943;"baseline";5;3
57;20190321112943;"main";7;6
58;20190321120635;"baseline";7;3
58;20190321120635;"main";6;6
59;2019032291052;"baseline";5;4
59;2019032291052;"main";6;6
60;20190322100609;"baseline";5;5
60;20190322100609;"main";6;6
61;20190304140604;"baseline";9;8
61;20190304140604;"main";13;8
62;20190304145906;"baseline";8;6
62;20190304145906;"main";5;5
63;2019030790143;"baseline";8;6
63;2019030790143;"main";6;5
64;20190307113548;"baseline";5;3
64;20190307113548;"main";5;5
65;20190308100345;"baseline";8;4
65;20190308100345;"main";6;5
66;20190308112320;"baseline";8;7
66;20190308112320;"main";6;6
67;20190308120148;"baseline";12;4
67;20190308120148;"main";8;5
68;20190312121547;"baseline";4;4
68;20190312121547;"main";5;5
69;2019031490714;"baseline";9;5
69;2019031490714;"main";6;6
70;20190314100718;"baseline";11;9
70;20190314100718;"main";8;6
71;20190314111021;"baseline";8;4
71;20190314111021;"main";5;5
72;2019031585938;"baseline";6;6
72;2019031585938;"main";7;7
73;20190315101140;"baseline";8;7
73;20190315101140;"main";7;7
74;20190315100302;"baseline";7;6
74;20190315100302;"main";7;7
75;20190315120224;"baseline";5;4
75;20190315120224;"main";4;4
76;2019031885904;"baseline";10;5
76;2019031885904;"main";7;7
77;20190318100754;"baseline";6;4
77;20190318100754;"main";5;5
78;20190318110342;"baseline";8;6
78;20190318110342;"main";5;5
79;20190318120444;"baseline";8;8
79;20190318120444;"main";8;8
80;20190321111445;"baseline";5;4
80;20190321111445;"main";5;5
81;20190321120504;"baseline";4;3
81;20190321120504;"main";5;5
82;20190322110917;"baseline";13;7
82;20190322110917;"main";8;8
83;20190322120245;"baseline";7;7
83;20190322120245;"main";7;7
84;2019032590722;"baseline";4;4
84;2019032590722;"main";3;3
85;20190325120632;"baseline";7;5
85;20190325120632;"main";6;6
86;2019032890519;"baseline";19;8
86;2019032890519;"main";8;8
87;20190328110848;"baseline";11;5
87;20190328110848;"main";5;4
88;20190328122718;"baseline";5;4
88;20190328122718;"main";5;4
89;2019032990446;"baseline";8;5
89;2019032990446;"main";6;6
90;2019032995917;"baseline";8;7
90;2019032995917;"main";7;7
91;20190305100659;"baseline";4;3
92;20190305110136;"baseline";6;4
92;20190305110136;"main";3;3
93;20190308140319;"baseline";11;7
93;20190308140319;"main";7;7
94;20190308150752;"baseline";4;3
94;20190308150752;"main";4;4
95;20190308160054;"baseline";5;4
95;20190308160054;"main";6;6
96;2019031190848;"baseline";6;3
96;2019031190848;"main";4;4
97;20190311120446;"baseline";6;4
97;20190311120446;"main";4;4
98;20190312100013;"baseline";11;7
98;20190312100013;"main";9;8
99;20190312111252;"baseline";5;4
99;20190312111252;"main";6;6
100;2019031590413;"baseline";16;8
100;2019031590413;"main";5;5
101;20190318100145;"baseline";8;5
101;20190318100145;"main";5;5
102;20190318120406;"baseline";4;2
102;20190318120406;"main";7;6
103;20190319132923;"baseline";6;6
103;20190319132923;"main";7;7
104;20190319142417;"baseline";4;4
104;20190319142417;"main";5;5
105;20190319153816;"baseline";10;7
105;20190319153816;"main";8;8
106;20190322125849;"baseline";9;8
106;20190322125849;"main";7;7
107;2019032590617;"baseline";17;7
107;2019032590617;"main";5;5
108;20190325100957;"baseline";2;2
108;20190325100957;"main";4;4
109;20190325120552;"baseline";7;5
109;20190325120552;"main";5;5
110;20190326130833;"baseline";3;3
110;20190326130833;"main";4;4
111;20190326135513;"baseline";6;5
111;20190326135513;"main";6;6
112;20190326150015;"baseline";11;8
112;20190326150015;"main";7;7
121;20190328130553;"baseline";5;5
121;20190328130553;"main";6;6
122;20190328140521;"baseline";5;4
122;20190328140521;"main";4;4
123;20190328150544;"baseline";8;7
123;20190328150544;"main";6;6
124;20190328160559;"baseline";9;7
124;20190328160559;"main";8;6
125;20190329150004;"baseline";8;7
125;20190329150004;"main";9;9
131;20190329110848;"baseline";13;7
131;20190329110848;"main";5;5
132;20190329120412;"baseline";5;3
132;20190329120412;"main";6;6
