"expStartTime" "subjectID" "condition" "block" "timespent" "berries_found" "delta_after_food_200" "delta_after_food_300" "delta_speed_after_food_200" "delta_speed_after_food_300" "delta_speed_after_food_200_t1" "delta_speed_after_food_300_t1" "delta_speed_after_food_200_t2" "delta_speed_after_food_300_t2" "delta_speed_after_food_200_t3" "delta_speed_after_food_300_t3" "delta_speed_after_food_200_t4" "delta_speed_after_food_300_t4" "delta_speed_after_food_200_t5" "delta_speed_after_food_300_t5" "mean_speed_pxps_t1" "mean_speed_pxps_t2" "mean_speed_pxps_t3" "mean_speed_pxps_t4" "mean_speed_pxps_t5"
20190305120100 1 "excited" "baseline" 299.991391325216 114 0.0109843803198925 0.0103876179727755 0.0555483795628989 0.0568772954167913 0.0526956138610845 0.0498855972290044 0.0570799570719401 0.0551027352469308 0.0457192426739319 0.047187483003447 0.0600620555877689 0.0586138153076175 0.0662654958452495 0.0783916133533823 34.5457423165518 106.389596688782 119.60471739372 128.860660577695 135.247661734054
20190305120100 1 "excited" "main" 299.990347767157 135 0.00822529689064452 0.00896977750103428 0.0501907071214962 0.0496601050475233 0.0538726592836648 0.0524354862098314 0.0445849886807514 0.0428461244261096 0.0530225677490237 0.055250436636118 0.0522082517974234 0.0500639018269332 0.0455135480608255 0.0458293439275565 83.0966615151392 108.12053344033 116.309020021565 130.199389966719 142.953256717805
20190305130517 2 "sad" "baseline" 299.988364493669 125 0.02599903070359 0.0263489983730462 0.0553340443464006 0.0549081321442838 0.0737562006170104 0.07329986148114 0.0595976284790026 0.0571693446299781 0.0498593115037488 0.051395743558357 0.0494224433898927 0.0498026618957521 0.0470404034569153 0.0456431356102531 79.173581200249 108.631952183421 117.655327848319 116.9303297978 135.79217830854
20190305130517 2 "sad" "main" 300.005160737222 138 0.018970195764518 0.0190912132685039 0.0617213633985062 0.0641535623279853 0.0918191856170876 0.103324253217709 0.0504364235617885 0.0499693421729402 0.0486218357086185 0.055672593378759 0.0602121578240249 0.0596210929056403 0.0614012945265987 0.0564259782270943 72.4956875986128 111.208167531054 124.063038013681 133.323202233579 144.760691913211
20190307131255 3 "excited" "baseline" 300.003156955762 68 0.015422158548478 0.0167772591871785 0.0594361424165611 0.0588246979180194 0.0538169119698664 0.0510130199899483 0.0598568330652571 0.0559530760180047 0.0601464407784568 0.0714077135981315 0.0585427392047384 0.0598039701983965 0.0718780953543532 0.0656213680728456 45.0900449820085 100.725997582552 71.7353112275024 104.096946563885 113.045198267887
20190307131255 3 "excited" "main" 299.993327466995 80 0.0107255549657912 0.00995543216015552 0.074591787202018 0.0748889760283208 0.0678438178614578 0.0691798609065636 0.0527042541503916 0.0553009013386527 0.0473282267252593 0.049599627484331 0.107993078231812 0.110101528034344 0.0874079467658715 0.0822511552369111 82.1799331755048 104.335414812477 85.2952822373298 118.805755404928 121.208069212747
20190307140827 4 "sad" "baseline" 299.998204779506 140 0.0366197760083999 0.0403390769119567 0.129565365129941 0.109325746183954 0.0629617837187534 0.0478637147150121 0.182498728976354 0.157912427326696 0.122337020874023 0.0964421782493592 0.123018970120337 0.108967289202181 0.154788623537336 0.13190577921453 66.020550278846 93.0248049777223 100.056086757461 112.161623432044 121.758728900507
20190307140827 4 "sad" "main" 300.000624870762 145 0.0283174714056504 0.0270028067240229 0.114104795370004 0.0954973885414577 0.0409681510925295 0.0336094860002108 0.12306356451611 0.106899083906213 0.120918742212756 0.108218834036089 0.123865399514475 0.0994726167643 0.152589037758964 0.119301260968189 76.0410226970425 91.3981944647361 101.099723922599 113.225410480892 126.438629229429
20190307150331 5 "excited" "baseline" 300.0138491888 134 0.0317545690813989 0.0323016664392174 0.111029153226027 0.0920732980380775 0.0296865463256839 0.0248488834926062 0.0885153251173395 0.071376642280319 0.119208614002574 0.0969377825696929 0.141326293945312 0.124629598824158 0.148554911613464 0.11999428822444 51.8646584912188 89.1178119210822 99.9259922081317 103.487912150792 124.282365587811
20190307150331 5 "excited" "main" 300.003720848798 126 0.0309446050827015 0.0330604121510787 0.106256907882014 0.086531952484619 0.0586850380897525 0.04229963723351 0.0992677381688899 0.0848559682576264 0.111975703648158 0.0990609103611537 0.140049950703853 0.113908842019204 0.134322357177735 0.103980975811298 76.2830711475317 91.8034389528529 102.708175473305 113.863363347819 120.119631576967
20190307162250 6 "sad" "baseline" 300.001077071922 111 0.01998172696186 0.0181669620924382 0.0519730345678146 0.0508335334408142 0.0519001922607427 0.0542604761123662 0.0553931209422916 0.0548382188100656 0.0374988555908206 0.0386320627652683 0.0595732494132231 0.053644838844424 0.0497286496843613 0.0498014116436712 66.6804437160492 107.979103094188 111.70293532944 120.519167975813 131.463265799108
20190307162250 6 "sad" "main" 299.995993582245 111 0.0201293603828089 0.0209204641531912 0.0502148783987163 0.0512597457625572 0.0608169902454726 0.0594844488416402 0.0420435180664055 0.0455618576217476 0.0496165657043457 0.0513023743423889 0.0453260629827329 0.0468898957259174 0.057832111272597 0.0562665243924522 66.4150131528741 107.243976667777 115.413625393043 125.378857298685 136.954647729279
20190307162831 7 "excited" "baseline" 299.996384201939 69 0.0209507203524431 0.0209499116927858 0.0896582109654846 0.0755360537110751 0.0249779371781783 0.0197832982680377 0.0524343272617885 0.038805171421596 0.0853521056043302 0.0719226632276767 0.101612576175046 0.0874457205443824 0.145046396891276 0.126507480439686 35.5451645928295 75.0296716761914 78.8584475355141 88.4457920793654 99.3748118731372
20190307162831 7 "excited" "main" 300.0209123415 117 0.0209299974637601 0.0223056896057007 0.106571881855192 0.0869703971299606 0.0605331321815392 0.0442194654961594 0.0843063364400494 0.0658181053182994 0.116398609646884 0.098069260597229 0.133642987060547 0.109353678923387 0.12360078125 0.104910075898223 72.6374084374713 84.3869965454303 94.0747522300118 103.927245292094 109.012503415439
20190308100723 8 "sad" "baseline" 300.014025438503 104 0.040479974432306 0.0394750899621681 0.0542157007573724 0.0541119660513301 0.0587031339757586 0.0558667158239032 0.0593322601318361 0.0615040424053489 0.0478288632347453 0.0438533156558131 0.0608413996015279 0.0614672786287463 0.0492662726129807 0.0520900817350911 80.3705344124205 102.269614383451 111.551484762916 99.9943290672915 125.886247894054
20190308100723 8 "sad" "main" 300.009286094856 132 0.0421048585796275 0.0463399337630458 0.0567783841847593 0.057296536070529 0.0828869658760404 0.0782844170662872 0.0499995950552119 0.0470917962945714 0.0530558105468753 0.0572532179612383 0.0520506454467775 0.0506006591796877 0.0501224138055532 0.0557678437666463 72.909289453305 115.116085852055 121.824312464807 129.847495575585 137.992195019531
20190308105914 9 "excited" "baseline" 300.001091256515 139 0.0161553197627445 0.0185424428363232 0.0506486939590002 0.0543520748650652 0.0530850703798493 0.0492829568797146 0.0440143654563213 0.0519134017837634 0.053880801953768 0.062853101043084 0.0521137680326192 0.0602600043036724 0.0521865978869763 0.0496177438589244 85.9121166809493 115.45761149505 123.380082197824 131.299023589597 142.177996240008
20190308130944 10 "sad" "baseline" 300.007415155426 145 0.0300488651463741 0.0279461331846524 0.119108052093055 0.100371938939395 0.0530417293972443 0.036685644079138 0.107189975738525 0.0925321520138411 0.115010907686673 0.0951451816768431 0.175555542418674 0.174544806790869 0.150049716899922 0.11345321223604 63.378928861419 86.4273523536438 89.6553034152095 99.544332085477 117.282437512573
20190308130944 10 "sad" "main" 300.0055972892 154 0.0242620932421641 0.0231476097527237 0.126039624129726 0.103149107081102 0.0404195967964507 0.0307105487325919 0.129993699580288 0.108671142855665 0.168960384438254 0.139214753175721 0.141754892710093 0.11487751446774 0.124113393930288 0.100854069636418 75.2513512288564 92.871013933547 92.3122600635045 99.757311131764 129.435849496695
20190311130834 11 "excited" "baseline" 300.010784335922 117 0.0176940455298915 0.018562786482591 0.0542365534017377 0.0549726280675183 0.0576195532226573 0.0602980328385919 0.0556514425838681 0.0532966413541063 0.0547206366062167 0.0539054054480336 0.0520380020141606 0.052766832871871 0.0504811038827541 0.0540487787712137 73.2812391130011 103.863290524015 119.611877124256 128.314877158717 138.992261260949
20190311130834 11 "excited" "main" 299.987155395564 113 0.0159590695275737 0.0152444816587864 0.0595648317590224 0.0596288926838515 0.0599075748219212 0.0581978437673994 0.0562183520977304 0.056843056982689 0.0655095487711383 0.06366714925536 0.0528224108769347 0.0581275867710456 0.0651918758664814 0.0610490382801404 61.6764631991664 107.633694741681 118.910881023576 130.193724017172 132.197498958959
20190311131502 12 "sad" "baseline" 299.987130758701 95 0.0219440726686323 0.0195192325264859 0.0889978527306371 0.0741221248253585 0.0291107316450641 0.0195227883078836 0.0586278057098393 0.0465035311381025 0.114550238869407 0.100813922486719 0.109666719610041 0.0901122516632083 0.11203269556949 0.094285738643295 24.0675430224453 76.3989277293899 88.1568105475173 83.1414766851952 99.9293929542748
20190311131502 12 "sad" "main" 300.007928264062 128 0.0243113789207492 0.0235587962168638 0.113877309586321 0.0929154655671837 0.0430909174138852 0.0304033730246806 0.0855711905739524 0.0702830400653915 0.13772734485973 0.108801373153174 0.126158207071238 0.10142384765461 0.18664242450456 0.164636008095908 67.5333885260171 89.0771528852205 100.341963455214 110.440985120085 120.824871376754
20190314120341 13 "excited" "baseline" 299.996072672167 119 0.0397516547975132 0.0395021856010625 0.105039170966793 0.0867615521137087 0.0493085403442384 0.0407242889404298 0.105747591002914 0.0832681170376868 0.0838956590132279 0.0618750429153442 0.125994264995971 0.10681182811331 0.120117739722841 0.101690758865332 53.0786834210349 70.3114227329327 9.26976657700946 92.3744969234085 97.7909597006442
20190314120341 13 "excited" "main" 300.013638785457 110 0.0352828708465028 0.0336234793160452 0.113248811630375 0.100037072892354 0.111348368558017 0.092043147513446 0.0852645619710289 0.0657512101316766 0.101229009076583 0.0849270662011948 0.132214786236103 0.104792363428808 0.126292381286621 0.141112349164354 60.4947928072059 73.2348253575466 82.9546915255732 92.7852129330843 103.502936173849
20190314130014 14 "sad" "baseline" 300.009336837037 132 0.0253355552061781 0.0262625032946033 0.10849787013505 0.090629376314763 0.0365257825349508 0.0266528802168998 0.0852628018827783 0.0666511836137312 0.106225376753373 0.0874074040805592 0.150744323003859 0.127932348492063 0.128027380238409 0.113273029646348 71.8515540801194 88.1808416668609 96.8649861671651 112.401355838069 124.355310642849
20190314130014 14 "sad" "main" 299.997035637255 129 0.0208458081277671 0.0211026134091247 0.105903733842889 0.0860305429976268 0.055000468167392 0.0379095458984377 0.118439606536519 0.0963697901894066 0.13149705863113 0.113223546568129 0.103151971887658 0.0852809235103536 0.121035395021793 0.0981646422035681 78.2171376040047 91.2724226207948 102.10107361867 108.929481014963 118.712321955685
20190314135727 15 "excited" "baseline" 299.999591871851 106 0.0300148578787023 0.0286269111745118 0.0969282152624115 0.0813813847964509 0.0474197673797609 0.0498762119517608 0.0679150624708698 0.0527751077390186 0.119444059892134 0.0975419265482607 0.113797922234786 0.0970121883593107 0.124212829589844 0.103372478064087 49.8230634641264 82.6930220731151 91.6588019150955 104.755714629513 108.122615616375
20190314135727 15 "excited" "main" 300.001467087876 122 0.0317335014586006 0.0311374266089226 0.112240586984759 0.0965290835038408 0.0519253349304201 0.0460162353515626 0.101981635353782 0.0832902239631206 0.148540617657946 0.137273696355242 0.132435633732721 0.110850052021764 0.123439054943267 0.10184216581671 79.2337384730235 86.7015883290997 96.5637925434055 107.927115204755 114.035228354018
20190314141803 16 "sad" "baseline" 300.00549733676 37 0.0131298606869286 0.0143168472910905 0.0743690437110691 0.0780392360228401 0.0301449279785157 0.0320258903503419 0.0637330405495385 0.071878497597221 0.0994890228271487 0.0994362478738307 0.0582604108537928 0.0635547310965381 0.0599981689453066 0.0642837524413999 51.8258881740224 75.5984136977814 98.7868343823578 76.9058247107885 99.8290284283393
20190314141803 16 "sad" "main" 300.015798315269 119 0.0179740689215815 0.02054441436851 0.0602909160826454 0.0622767254648825 0.0589902076721194 0.0618059838368345 0.0543372802734349 0.054693175179615 0.0520281612799037 0.0586714173423705 0.0398657384412044 0.0418306592541603 0.0937314735291503 0.0919400239938042 71.0119348211604 94.9255555726512 89.6058730141294 120.897825568781 126.530955377026
20190314155740 17 "excited" "baseline" 300.013902879679 121 0.027078767506513 0.0281391688349646 0.0672951767796468 0.0664821630220859 0.0658461448451456 0.0667502178955082 0.0482943815343509 0.0476974812996476 0.0895541332614038 0.0879073401819876 0.058927467664083 0.0576610888501149 0.0618800386701313 0.060655642422763 71.745896805632 109.010283552947 120.041279091965 128.879041348661 139.370146766076
20190314155740 17 "excited" "main" 300.011340917289 165 0.0366943501027058 0.0387834929467842 0.0599047835841321 0.0607541202715499 0.0537299235026045 0.0561084968566898 0.0675221045931477 0.0673863324833701 0.0694584551724522 0.0648739929748912 0.0505867979867114 0.0520048607566136 0.0557887838668172 0.0611619621725634 97.8116557723144 115.662923772635 126.732545817784 138.776283397731 153.407826970248
20190315110553 18 "sad" "baseline" 300.006053964962 110 0.0248066145351329 0.0223399021480229 0.107756135515846 0.0892083212396797 0.0598832178597501 0.0435271764684609 0.120023447061514 0.103693192554121 0.134138313475642 0.115452362253918 0.113248612467448 0.0862498406378772 0.11318384467231 0.0957223711956993 76.8013310287443 91.7168553643231 103.650620088646 112.630727076725 115.840207318344
20190315110553 18 "sad" "main" 300.001522320883 148 0.0335841030306668 0.0327864127445094 0.116566448975547 0.0971375572832601 0.0444913449494738 0.0404302385335081 0.127057758897115 0.102384372858809 0.124991027832031 0.102950490220408 0.146694028130893 0.124826951285367 0.12068820476532 0.101481607010315 69.4856826194722 91.70705612645 103.12441293334 115.197475888255 124.766884098273
20190315132114 19 "excited" "baseline" 299.988597837719 98 0.0291970751748039 0.0290576310715091 0.103528872566011 0.0898015216612863 0.0451508435336027 0.0339639351584695 0.100845944112983 0.0817722006405102 0.116573520788165 0.10149288991551 0.115973759242467 0.113400089847798 0.147398602803548 0.130399427093554 68.6717182070662 83.7365335948432 87.1630092987023 93.0931330954532 101.583769778728
20190315132114 19 "excited" "main" 300.015337314974 128 0.025477398078335 0.023858341877123 0.0981790452220223 0.0817723855597208 0.0383477892194477 0.0263389805385045 0.0856783971613105 0.0698868727740121 0.124260729176871 0.109840399775012 0.107848791503905 0.0919741699218743 0.118566905430385 0.0957803249808272 67.7271684121971 84.9166594885092 93.974757848161 106.196079334984 114.934756118053
20190319131435 20 "sad" "baseline" 300.004601651088 139 0.0228577894694568 0.022433016207787 0.0540777910160013 0.0544341378896598 0.0608571791875931 0.0540203416006907 0.0595683174552491 0.0588467977757286 0.0573936203987369 0.0551978396487351 0.0501737818036763 0.046310720732718 0.0453425886444231 0.0581111806382881 63.9896200787512 108.491420005655 120.320207153053 130.528578403711 137.24073835766
20190319131435 20 "sad" "main" 299.990961818733 138 0.0148095999956269 0.0159276754911494 0.055485738818533 0.0570519738648214 0.0479716439995888 0.0506107817563147 0.0480404897054032 0.0464127702314771 0.0473403517405196 0.0451594078846471 0.0812018006772414 0.0897262204865581 0.05375172800832 0.0558763286495999 76.6455024130279 110.457114927434 124.795909694838 137.237732491842 141.576918169878
20190319140759 21 "excited" "baseline" 299.998057187982 116 0.0233821425205642 0.0234526030902621 0.0553934063371179 0.0566164905437082 0.0659990867332177 0.0646569376008947 0.0571845964704237 0.0585747048035142 0.0518094635009768 0.0512329664963945 0.0477067036220008 0.0530878359707923 0.038573684692383 0.0409102145108312 80.644817711245 114.649422723026 126.973861115963 131.548532361221 77.985847917554
20190319140759 21 "excited" "main" 299.995285149019 126 0.0292462597803319 0.030744810376682 0.0578758525427678 0.0581673429476825 0.0482229741624555 0.046964493341537 0.0851938694999332 0.0908226037477994 0.0580343856811528 0.0592727466289819 0.0424685912132266 0.0427734911441806 0.0544996179853168 0.0511899970413804 76.7914565732384 117.199838472005 124.958112090657 130.138031091305 137.162614819439
20190319162354 22 "sad" "baseline" 300.003315700312 109 0.0180662303750685 0.0178496989039944 0.0610582562367848 0.0621890841009289 0.0586093498678772 0.0568523987201085 0.0382164197649272 0.0462757359718787 0.056456378439197 0.0638158013953912 0.0640120348723038 0.0645709070082166 0.0735371124744418 0.0691051497459415 67.4308044869819 50.3543599848042 112.64197335873 89.114054380507 103.425549492131
20190319162354 22 "sad" "main" 300.004441360041 118 0.0163035867160964 0.0150959256930512 0.0627917342105154 0.0639704600626297 0.0572086257934575 0.0550020139217382 0.0515384462992343 0.0522872201102114 0.121612572870335 0.13210220497599 0.0500654296875001 0.0509401532686674 0.0551422642299109 0.0530369351473724 69.7858821604872 97.479709624481 58.8843431615118 108.68426003784 131.568084199673
20190321130324 23 "excited" "baseline" 299.991776459277 97 0.0481003954165789 0.0421175770534 0.114403963269535 0.0940197324469805 0.0469400024414063 0.0406683349609376 0.0730061848958335 0.0620635188482947 0.108045609408292 0.090237180091153 0.112201508525023 0.0957828953416064 0.157547880172729 0.122019537747561 13.7342425957362 43.1695432592473 86.8634929027952 95.8287239279292 106.758877713531
20190321130324 23 "excited" "main" 300.010145546588 132 0.0293563092561318 0.0301334342509517 0.116327115148599 0.0979185381147815 0.0497477043999568 0.0405037547923902 0.115833387944605 0.09134939814816 0.1482075807976 0.125392251886873 0.133193586941423 0.110371924339257 0.138306553120516 0.127975518896387 77.6461726590368 91.2042352791214 99.2567946297783 116.911889725589 122.302987753378
20190321141908 24 "sad" "baseline" 299.996366704451 102 0.0214604734817918 0.0219968737703938 0.0533749257897126 0.0569107003231868 0.0595839385986331 0.0625592687129978 0.0521686329561103 0.0586977169774143 0.0499207118200875 0.0528454946203968 0.0584920398167202 0.0592314495273404 0.0417843532562259 0.05019250869751 46.3984131131287 100.426073244849 110.752156846835 125.092263070523 133.326854075891
20190321141908 24 "sad" "main" 299.989009854514 131 0.0105336506237019 0.0108246215241135 0.0576908807127685 0.0565660654817328 0.0511540366953071 0.0490835546595711 0.0579322345440197 0.0602234963499347 0.0595141360224514 0.0558017841419144 0.061475869631438 0.0605812448630239 0.0601564524125083 0.059514384083934 92.2601022489403 115.738494118289 121.962083384857 131.311063010476 139.660160151383
20190321160412 25 "excited" "baseline" 300.006955988873 111 0.0350081915633673 0.0335743636835224 0.113403728825649 0.0971617016334749 0.076163416082209 0.059994052662569 0.11254537936124 0.107452845943675 0.117152450668228 0.0940148198054388 0.161325010819868 0.140674651558463 0.115102135067894 0.094370055289994 75.5496123367817 82.0230142525226 98.3466982984935 83.8054015175507 109.520129002977
20190321160412 25 "excited" "main" 300.021261906882 110 0.0299247035106993 0.0298453752563618 0.106384412819998 0.0892159592920861 0.0400315475463867 0.0313859100341797 0.1084155688045 0.0941416389282495 0.11957760594896 0.0983301726560541 0.143315673828124 0.118550443991636 0.120175853989879 0.102045273047848 79.0537144860556 87.0273274672659 94.3027620821306 105.414044875242 115.012782821765
20190321170756 26 "sad" "baseline" 299.99746670752 99 0.0205019383877592 0.022419127943393 0.104948848769903 0.0857835929235304 0.0659715881347661 0.0465707842508955 0.0666465026062806 0.0547995060031154 0.101110907632198 0.0863741805900362 0.11938030363384 0.097973562455715 0.125941198730467 0.0976781485421298 43.6917934073158 85.6791152618654 90.8239676046692 102.207415159523 112.801237746981
20190321170756 26 "sad" "main" 300.008560729438 103 0.0292955872410609 0.0293524385539258 0.133787332122345 0.107746249676386 NA NA 0.0654663058194249 0.0473488575654873 0.125006505753158 0.104301799961576 0.142398893876509 0.108257112735516 0.220734961736769 0.184853466604479 0 77.2469665478241 92.4896803116094 103.97113278171 109.141932533666
20190322100817 27 "excited" "baseline" 300.000334774767 103 0.0228201837010188 0.0228159421862198 0.093483192466935 0.0787593386232426 0.0200740814208983 0.0133827209472656 0.0535354518890382 0.0388316980997722 0.119480956156735 0.0997329010439043 0.101271337222522 0.0856351816366007 0.111665092468262 0.101461601257324 17.796129823196 78.1011567803542 89.3413579525383 89.817499527606 94.6170643047582
20190322100817 27 "excited" "main" 299.992703781688 125 0.0261695446107983 0.0253176956357588 0.103913564658425 0.0835684457278704 0.0458186125321825 0.0347035693000347 0.0928705231881031 0.0769425411637726 0.116035435168774 0.0942297673425755 0.113952298990884 0.0912118697030194 0.130025794165475 0.104117373971026 47.1548766205276 62.4592837106068 94.3678804756526 89.9226821538664 111.043955333458
20190322120902 28 "sad" "baseline" 299.986502147056 109 0.0288628522420259 0.0306498768022476 0.0944042194865959 0.0840387327615977 0.0429791736602784 0.0369640159606935 0.0758963264574846 0.0736262871237363 0.105726779971304 0.0918233461203218 0.111822324555495 0.101125064793478 0.117141810825893 0.0993391108250881 41.7520256275159 79.3783709353885 92.4110049566554 105.757337292747 117.156055220638
20190322120902 28 "sad" "main" 299.989145630042 129 0.0266100556546106 0.0259975183677178 0.107195426688218 0.0900784354133415 0.0492185440063479 0.0363956960042319 0.111180621060458 0.09187639950023 0.124513627691301 0.111181258694156 0.12206117248535 0.105695311955042 0.137331983504757 0.11413930079566 82.0468809480642 89.2985957065636 96.4322963026704 110.06599159529 121.415437803951
20190326140454 29 "excited" "baseline" 299.992764866617 0 NA NA NA NA NA NA NA NA NA NA NA NA NA NA 8.37079915636213 31.7791419542753 9.43515279161278 36.8686611689936 35.10263671875
20190326140454 29 "excited" "main" 300.003446408455 98 0.0330888452773402 0.0347487146384305 0.0948816981271378 0.0809564977365069 0.0515291716835716 0.0421558641919903 0.107883268414122 0.0901513500053344 0.102766020539519 0.09350692123926 0.0994017791748046 0.0812727212905883 0.122262493896484 0.104494984297318 49.7287371287626 85.6009729707123 94.4859151676061 64.7111220467766 106.795300145694
20190326145938 30 "sad" "baseline" 300.002304783899 91 0.0185558007022546 0.0183443143211921 0.0602821518734822 0.0583647124538833 0.0672865880330409 0.0663495314964885 0.0574279799688422 0.0558972541653373 0.0765637618776348 0.0702126996691051 0.0577500406901044 0.0551367224179784 0.0389415946373577 0.0426918147160461 60.5930731525404 104.066450727976 109.398414598548 120.732313698216 127.321860226496
20190326145938 30 "sad" "main" 300.002741892881 126 0.0198581747457284 0.0197883156500957 0.0616653472658187 0.0610132168684438 0.0510730794270836 0.05003184302613 0.0565383911132799 0.0588459205143738 0.0584286849975589 0.0592678309513976 0.075970744269235 0.0784042919505728 0.0715004477364678 0.0642773795387964 99.2233112789137 112.04180116549 130.115035676973 130.203851463125 135.980586517834
20190305131226 31 "excited" "baseline" 300.015973863202 116 0.0205499345060308 0.0230859770695704 0.108226604422378 0.0891711307778622 0.0563166855320786 0.0462209723977482 0.0997527562291173 0.0799749200994321 0.108591495947404 0.0913733586283293 0.137650675738298 0.111593806489191 0.126737001242758 0.106790892562961 54.7099659778331 82.5513956551308 95.3968746761624 107.69249778611 113.118435846956
20190305131226 31 "excited" "main" 300.00237206601 131 0.0177584010385014 0.0156443489650048 0.118079877412247 0.0993293718740991 0.0574028459028767 0.0420151163736981 0.111690187905051 0.091030366860184 0.118818513183595 0.094191138218472 0.152815246582031 0.140889829309096 0.169303111348834 0.148601188259525 57.606303431527 84.4641045667665 91.9351666391972 98.610437813427 122.272470872145
20190326161208 31 "excited" "baseline" 299.992656496587 109 0.0225593839802166 0.0246638120662038 0.117569867309876 0.097039137126883 0.0424006594144384 0.0325652019794172 0.14733139962861 0.132970191515089 0.10777444787459 0.0855412552356723 0.113136704878373 0.0953203630323533 0.195630662706162 0.148592636331969 63.5446094044145 89.469119561341 96.085686718635 103.396335794638 110.845008980356
20190326161208 31 "excited" "main" 299.991449031069 121 0.0467765405950223 0.0480694567803625 0.0982451912459353 0.0853996546849284 0.0401484898158484 0.0298226492745537 0.0802240143552354 0.0720093321431166 0.111359339942617 0.089826543858982 0.114091725015875 0.0973502603385209 0.133514491489956 0.134287988117262 52.2123472194871 80.2768943712549 96.3153051634153 101.967598348413 119.583994848958
20190305140259 32 "sad" "baseline" 299.995163195002 112 0.0206616976609601 0.0201696555986627 0.123855662315807 0.100632176397465 0.119086412768343 0.1026618185063 0.0988816829274297 0.0865006885242847 0.105469154496626 0.0874022149590885 0.160099763961064 0.12359017050683 0.131040140787761 0.10046588918665 50.6319698079427 69.6338197153777 106.239097774808 107.214177780253 110.703828827902
20190305140259 32 "sad" "main" 299.994143792239 124 0.0228773038669077 0.0234626626617355 0.116013203064367 0.0961344628242668 0.043521423339844 0.0304963742769683 0.109037063438576 0.0915583387496939 0.126008579799107 0.104278499603272 0.125814961309017 0.125430486833086 0.174256865637643 0.131160755810221 78.0078511833571 88.9485517136594 93.3509411209201 74.3537775186763 119.318113806549
20190326160652 32 "sad" "baseline" 300.013849532478 144 0.0190659062992749 0.0192912462909424 0.0587158810373336 0.0598477460494883 0.054877317948775 0.0541638133309106 0.0643886899322153 0.069051842489159 0.0590286093047173 0.0630754758200675 0.0363191073998474 0.0384487403979143 0.0674968848290378 0.0624101998825699 77.74753679548 113.825256569414 124.81886053007 134.632688113778 128.189158709883
20190326160652 32 "sad" "main" 300.013919868384 134 0.0278731379794781 0.0253869803599051 0.0590497020648234 0.0582405559365121 0.0707575721740734 0.0654557352066052 0.048040656195746 0.0510575379125939 0.060574627580314 0.0603335451890052 0.0605862956852111 0.0598494253867917 0.0553032699896359 0.05381140374518 71.3303968313799 110.77045788622 120.004596250086 130.442651409754 136.52552613356
20190305145601 33 "excited" "baseline" 300.003673110105 120 0.0133550647131923 0.0134242653273914 0.110293063319813 0.0946347432309985 0.0571435546875 0.044443359375 0.0595922424316408 0.0423735699821922 0.122052664098341 0.110084465581342 0.123490118903082 0.109423597185902 0.130156750592319 0.106529412820098 59.3981202101841 78.1979510865729 99.7279363991757 107.740322391837 115.838046211109
20190305145601 33 "excited" "main" 300.010677315708 131 0.0152533068454753 0.0154458626393661 0.108063876700683 0.0898788988407916 0.0841819178725734 0.0732174255371094 0.102735120104505 0.0803863762072823 0.124349850920288 0.103322543423684 0.10963218383789 0.0881724472548933 0.118137370142444 0.100794872084324 75.7928134805648 91.796549810762 102.217528016957 113.517709751341 118.058736315889
20190305153457 34 "sad" "baseline" 300.004566962649 120 0.0463877490210155 0.0485046028989434 0.0660167940957206 0.0685845401269771 0.056532719421387 0.0577030105590823 0.0510970538595438 0.0512607655021706 0.0534328163994688 0.0534289582199895 0.0676062611171178 0.0674617948986235 0.094955556484279 0.104751980437754 72.84663534046 107.454737108095 120.734326073006 129.094408806486 140.349495704188
20190305153457 34 "sad" "main" 299.995627742283 119 0.0377327958567867 0.0406474360309984 0.0571800083833583 0.0538052145396938 0.0721430911109565 0.0649663434709825 0.063216348871007 0.0555362227133872 0.0569914134343469 0.0548957868722773 0.0488954588083122 0.0493276097224311 0.0484454060648827 0.0467966799969443 80.6493208722371 111.15819193857 118.835420020495 131.692153990459 139.157773578551
20190305161213 35 "excited" "baseline" 300.01485756133 106 0.0260705195447714 0.0266585369491534 0.11146897579705 0.0965810603972535 0.0465949794224326 0.0392824881417408 0.0639402632279829 0.0480643160202923 0.121463300115412 0.0978776867137237 0.126247825823921 0.10432331952612 0.130952626448409 0.131386145970844 23.4286823021926 73.216102717853 66.9904300143829 85.9712599851407 104.077389090402
20190305161213 35 "excited" "main" 299.990156439233 111 0.0214334067010459 0.0208642671980514 0.113936257805673 0.0937693964955388 0.0626973077022669 0.048494381374783 0.125645366723458 0.109340559117934 0.100126317641314 0.0849782248104322 0.127126334054128 0.102418754733337 0.163070074304358 0.126479652840612 78.016131120786 94.8275709374059 103.885203191075 108.162013200559 111.71634727792
2019030791022 36 "sad" "baseline" 299.997078502786 128 0.0249421764933874 0.0247940251222262 0.0616223131503379 0.062074132252615 0.0617004258897569 0.0616671563696948 0.0527997036637931 0.0524544028180619 0.0508720329829629 0.0572507091144943 0.0836547766791453 0.0795082061459322 0.0565191813877651 0.0568190245194869 92.0326000716187 117.226731282498 128.298164073421 134.847351376016 145.926361765258
2019030791022 36 "sad" "main" 299.985953388264 146 0.0338463788379655 0.033360674348139 0.066824362302883 0.0666905543642218 0.0544283558238631 0.0532730526881256 0.0877768638051151 0.0845246249845552 0.0614114545739218 0.061375606069452 0.0609338331442275 0.0661429678729553 0.0640114546795258 0.0629827417150698 93.5051082273995 120.850017782358 131.805300788453 138.320005003006 148.004789527597
20190307110426 37 "excited" "baseline" 299.991381311534 55 0.0383426483406508 0.0359107776716644 0.0803034855866236 0.0696315730858713 0.0436545181274415 0.039415512084961 0.0486281002269074 0.0353787231445314 0.102581961765762 0.0935933110038228 0.110586853027343 0.112857288688556 0.0970866810191763 0.0836674001120931 14.68861636386 61.9429320014774 72.0514338353946 81.043108487923 73.3302388457081
20190307110426 37 "excited" "main" 299.995084350006 102 0.0261088216904822 0.0267061827278876 0.110632137046991 0.0905861395293591 0.119570043390448 0.105133541932627 0.0828467104651716 0.0641781986460969 0.103035173187986 0.0841704907136806 0.098382889415777 0.083826702174295 0.153153203328449 0.115558362688336 45.4304130740282 75.5339435163602 67.8361341846082 92.4063941728473 93.4610966666964
20190308130648 38 "sad" "baseline" 300.013354987405 109 0.0169912422416824 0.0146467169481203 0.0578563092233001 0.0567358275547253 0.0376894226074219 0.0235564041137695 0.0602011202298688 0.0568313558389863 0.053544293812342 0.0564982785834238 0.0507432368445021 0.0520832374768382 0.0679300568595767 0.0627716420491538 15.1308354365586 85.080228654933 110.336129607686 120.175420370151 133.421170615418
20190308130648 38 "sad" "main" 300.001650619813 136 0.0160237497445207 0.016690130822923 0.0697008617663509 0.0692713948825719 0.0665462784943763 0.0709362430968425 0.0721772531362666 0.0687273672102844 0.0694402612180127 0.0701300775183069 0.058804325997489 0.0581918405706234 0.0834427702272093 0.079095430484488 73.4144306589493 101.243172164512 111.268716171775 128.064203302347 143.362286353035
20190308140525 39 "excited" "baseline" 299.99675581362 116 0.0276168382588373 0.0304711338046809 0.0593638197424375 0.059203560576527 0.0512882995605475 0.049866428375245 0.0526133374665917 0.0551690796299988 0.0574888916015614 0.0542414494923172 0.0642127670780307 0.0629426059770231 0.0610541490146094 0.0635225152535874 27.897265187954 46.4705285376633 109.885414597934 122.169353826571 135.101446435003
20190308140525 39 "excited" "main" 300.027122327893 144 0.0281329073928116 0.0294864159302216 0.0604578729584102 0.0611982127094997 0.056347432753619 0.0558944288942994 0.0741785515679238 0.072227355062742 0.0570705017513701 0.0582148581729349 0.065434962681362 0.0651301993540658 0.0548754063197536 0.0598907432972292 85.8097983788942 112.797824895244 125.611224182129 135.143330152403 146.978346442954
20190308150423 40 "sad" "baseline" 299.993161417887 127 0.0176601236841855 0.0169223027907145 0.109524462288637 0.0945933301088886 0.0548379727343582 0.0419275282087371 0.104317307105431 0.086750739559329 0.115966458209149 0.0979496752141596 0.119120405273436 0.113837188774359 0.150284954503253 0.129822243551821 66.7971205300166 90.948019525659 97.2133465298987 105.705035650617 122.444362073906
20190308150423 40 "sad" "main" 299.990898895907 141 0.0161428550718731 0.0163833021901046 0.107880184362966 0.0956595845590358 0.0657982341323901 0.0555078248803563 0.111802388971502 0.0970111173741961 0.108414044033397 0.0990112415061279 0.120914058939616 0.100245283156175 0.133049512402765 0.126390441846698 76.6310771405408 89.6290678986406 96.8799085643194 111.663934201276 124.271722057173
20190308161404 40 "sad" "baseline" 299.993043770154 112 0.0261952554448282 0.0247043296062156 0.0532557144147188 0.0531014427204969 0.0600735199668196 0.0565349137081825 0.0463701171874999 0.0506746682926097 0.0430176312995681 0.0462025968416351 0.0450305128097537 0.0468156447777384 0.0868306693710202 0.0751336657682207 49.7255333685106 80.5095459796631 114.974100248292 124.194770717793 134.614498058501
20190308161404 40 "sad" "main" 300.004083358841 102 0.0250675272652192 0.0239594916684383 0.0666113227055457 0.0673547428016406 0.078505667242724 0.0873709959435238 0.0536318333943674 0.0546362139104476 0.0554609257834298 0.0543619675688691 0.0635973289317656 0.0604107487144654 0.234635696411133 0.177608216025613 72.8527332197724 113.569952874923 119.637930628297 126.95752468089 133.577215102915
20190312130251 42 "sad" "baseline" 299.995974599679 106 0.0258554099104576 0.0260091281123324 0.0972096131522699 0.0878802809819323 0.0505906677246093 0.0381710815429687 0.0482156379006123 0.0400658690508673 0.094446852677352 0.0813618606463817 0.108556708207564 0.109250252695805 0.128000248078376 0.113375592990147 8.01668907522578 55.1596493887863 74.5692658489921 97.0828826347407 99.8118660295006
20190312130251 42 "sad" "main" 300.005173401628 134 0.0133573042421511 0.0126617891940416 0.107959521545166 0.0927505786862166 0.0610943693681199 0.046449973012887 0.105474062229805 0.0904885492056535 0.122070454386922 0.1000782199507 0.115897908238002 0.09254829740659 0.144998980113439 0.146677421456451 80.5155422086057 89.5031001764091 98.6373633509098 111.149825460356 121.339291156271
20190312131046 43 "excited" "baseline" 299.991665192557 69 0.0187178731966419 0.0202385773974178 0.0639375557269281 0.0567119865770946 0.0630123779296882 0.0568858200073248 0.0522834815979005 0.0494434645516533 0.0559060929038309 0.0494050141897368 0.0893252275427994 0.0752595113016867 0.104665080479214 0.0831979719575471 35.4131555281014 85.0670558390246 62.6469108130544 72.873436159721 112.072285970052
20190312131046 43 "excited" "main" 300.010994544084 114 0.0284581709425949 0.0294546336825229 0.0631338153142923 0.0637439056705166 0.0791007160533561 0.0774924157069282 0.0538720261710035 0.0557601710728242 0.0620128464588913 0.0634966509635454 0.0519130897521974 0.0545053423368016 0.0778002705165322 0.0750845035067474 26.70651860582 96.6736607346488 110.003515049197 119.285837922912 133.109204275949
20190312134824 44 "sad" "baseline" 300.011072123509 114 0.0206772962807613 0.0211970419135786 0.0596707297077644 0.0638318883814074 0.0470060932343024 0.0504438642614033 0.0826576249864369 0.0813910963736176 0.0516040919377245 0.0633685805126449 0.0574110822254802 0.0608497577535696 0.0628706073760991 0.0642509908387159 87.3525682650144 100.889079917211 93.3395858682168 123.603822889756 130.413141029579
20190312134824 44 "sad" "main" 299.99819152398 137 0.0230841632127458 0.023764710422726 0.0737137481880386 0.073487001085587 0.0455967455412215 0.0502990385356706 0.0637176384385573 0.0640868452236987 0.111395700759247 0.114702219206557 0.0606576495511195 0.0590204398415309 0.0720058787091178 0.0636951903090647 77.710866972099 108.690887856529 123.108153200116 131.849456651634 144.312016452338
20190312140218 45 "excited" "baseline" 299.999408641977 96 0.0292940607777348 0.0299200916139591 0.0993158903988924 0.0815344628366101 0.0299993133544925 0.0199995422363283 0.0497738525390629 0.0371579345703127 0.132698768404633 0.113668943927111 0.118236966273168 0.0952074630702783 0.10518738708496 0.0884290616716649 15.3159926087763 68.2290272319748 79.6023691044144 93.1246182693221 101.075222061874
20190312140218 45 "excited" "main" 300.003393893949 124 0.0280577726772099 0.0288516703100986 0.117000903993758 0.100052176769449 0.0543899154663088 0.038860549926758 0.106524920030074 0.0891841671513577 0.124265695547129 0.10277889987154 0.15268881451642 0.14326553156384 0.144958027430943 0.123210388614769 74.3478798997848 89.4239077835277 98.711552779531 111.923363505915 111.247553715417
20190312160113 45 "excited" "baseline" 300.005180344576 117 0.0258905395123148 0.0254350436860658 0.105562199554799 0.087283280990588 0.060969668844472 0.0476682232712847 0.104272979736328 0.0866887786865236 0.112400815096768 0.0906950798034669 0.121608842773437 0.102600537585583 0.124669557768722 0.104245366786365 55.7592665339091 81.4479015252091 98.1388327201736 105.153241600015 104.013125249369
20190312151922 46 "sad" "baseline" 299.991160473494 136 0.027848528658086 0.027532521701353 0.0645232287735498 0.0637354224239708 0.0507523384094242 0.0514223928451545 0.0854134183137306 0.0838054755038179 0.0600589656829837 0.0604066151839039 0.061383036328601 0.0604337874483475 0.0685444695608948 0.0657928088795049 74.5184042619337 108.360942615479 119.343000711122 129.98581598477 140.774813932531
20190312151922 46 "sad" "main" 300.001908091624 150 0.0240567092491836 0.023596700724722 0.0649803352653206 0.0638321402373108 0.0419031784392451 0.0424251114229853 0.0779607174772046 0.080083555237534 0.0620001782787091 0.0604205771645349 0.0623860753896288 0.0554775941526737 0.0828723043570828 0.0817442796332971 94.3696426811569 112.337063341884 129.000036973885 135.667059590354 152.145932594007
20190312161633 47 "excited" "main" 300.004530424299 156 0.0203585199886851 0.0206377896117779 0.113464846719951 0.0942232249534212 0.078323065671054 0.0623203762278839 0.132605376631449 0.11367189135902 0.126292052132741 0.111550225861217 0.120310665766399 0.0975974106002647 0.119421373514029 0.0931050766713523 81.2218499632992 100.950589400899 112.481732408127 121.286830390481 127.272578319636
2019031485821 48 "sad" "baseline" 300.012034310433 91 0.021960133955613 0.0211997365014346 0.0666321932854045 0.0642091231273628 0.139498901367188 0.108936555862427 0.0866788234081903 0.0851012893487099 0.0564478492736801 0.0576055240631086 0.053273097991943 0.0470814775739395 0.0578612899780276 0.0573779864188955 16.4810266956327 86.786156503168 91.5850112124456 101.289965826847 120.154301260163
2019031485821 48 "sad" "main" 299.997946686912 118 0.0166749433384552 0.0167394492612693 0.0614697462178895 0.0613753142468214 0.106564212196752 0.108346380444467 0.0578697204589838 0.0558612475432626 0.0467562831531874 0.0475952367182381 0.0548907028198245 0.0545761047363284 0.0503105020523079 0.0503372123024687 95.183483619762 111.178743657866 112.037323938914 129.24690767176 133.811124665924
20190314100717 49 "excited" "baseline" 300.004902051049 124 0.0176614715007243 0.0179832155448672 0.0598242757403308 0.060487961157663 0.0509574253775857 0.0474898273103378 0.0418966790561017 0.043930938720703 0.0938876658472524 0.0993684376631167 0.0478890364510675 0.0467376645533119 0.060193289224204 0.0580151556346046 69.2691887357006 100.012199722645 123.242566638259 128.551606739081 87.0410860121401
20190314100717 49 "excited" "main" 300.004994724839 141 0.0153707044559141 0.016746266084132 0.0572169197105707 0.0563741425774028 0.0558039797828313 0.0623953039208239 0.0566318558402669 0.0537984787840265 0.0683103194964933 0.0687432565103987 0.0522789400565527 0.050102464416203 0.0539613585912874 0.05011910235563 82.4878461690523 110.500134106986 122.94239646055 129.484049922643 151.697662436463
20190314111018 50 "sad" "baseline" 299.995015825531 124 0.0263085433969905 0.0262417504128044 0.107699166585972 0.085917833221976 0.0338017120361329 0.023201141357422 0.0708756614956463 0.05528172719814 0.118438507080078 0.0967945336216714 0.114960970197404 0.0938720935120869 0.153725700378418 0.121538686909518 57.0776212624943 83.6893812719226 95.6764159520835 104.772648786827 117.464739763345
20190314111018 50 "sad" "main" 299.996160516318 158 0.0311342029960688 0.0313026702069225 0.11144788601656 0.0917310008730603 0.0606031394626785 0.0492989281071424 0.107431720267269 0.0887543408237172 0.110500837594024 0.091958666169798 0.130812681097733 0.106299993758811 0.12805612494021 0.106048890318666 72.9962526363751 90.8995357571338 101.03184552239 117.25729609127 129.092638122559
20190314121020 51 "excited" "baseline" 300.006977702445 81 0.0135116244119311 0.0119229236238208 0.0598374519348141 0.0584261209740859 NA NA 0.0513756697805305 0.0498493560142363 0.0538819149241707 0.0541403294509639 0.0682861836751305 0.065693731478415 0.0618317009420958 0.0607550331219291 0 76.7304001272993 110.170260026302 117.265115897459 117.88491106008
20190314121020 51 "excited" "main" 299.994547943593 142 0.0152488139061379 0.0166111481183074 0.0592029779951927 0.0607996125149052 0.0477355351723916 0.0477012423725871 0.0620505580195664 0.0643311755180031 0.0650017408891161 0.0694189852201024 0.0543703095572336 0.0593016453136098 0.0733786352248401 0.0662103753138053 87.2910675525369 113.887958375053 128.921427177506 139.497737062536 150.083787494725
20190314160712 52 "sad" "baseline" 299.990988880621 124 0.0303265181787686 0.0301489436145351 0.0999092718666949 0.0876400724982694 0.05765175559304 0.0408001929298443 0.0972811891815881 0.0858765438424442 0.101339201493697 0.0876638553239642 0.114753928474757 0.115556990855399 0.130154925755093 0.10879258639397 57.3486195055304 89.8765132066155 80.3268480815088 108.32475998996 118.391477698775
20190314160712 52 "sad" "main" 300.006060038911 156 0.0263768125145841 0.0253002044956314 0.119514790091322 0.103278841479876 0.0595443898981268 0.0503405412305303 0.109490612692084 0.0936549422864184 0.141365296157525 0.115787554250798 0.165916879971823 0.157649125653349 0.123168989817302 0.104866877958214 75.5673381766557 92.0168555723458 106.70305383269 102.314151178581 126.626333374479
20190319110512 53 "excited" "baseline" 300.011745421779 109 0.027669607170278 0.0285316052204975 0.106525506955768 0.0891069753080865 0.0437557754516602 0.0327877044677735 0.104972577086063 0.0941023560421464 0.127107916713746 0.103174833297729 0.131071273193359 0.113949267752511 0.124523385854867 0.0930276821262222 72.9436029116398 85.4462558698294 94.6362480735836 102.993464303319 123.998162953311
20190319110512 53 "excited" "main" 299.998409150254 122 0.0384401713547176 0.0391048304905313 0.109007533452905 0.0898516787018304 0.0538874986436633 0.0409002233434607 0.125283691666343 0.103087181028198 0.119546644731001 0.101907016118368 0.113868115876849 0.0964400864221091 0.135367102989784 0.111235424857571 76.7036121573917 85.6748444803645 82.3222801742051 104.774506620149 112.14376837129
20190319120217 54 "sad" "baseline" 299.989388491163 132 0.0191507096357102 0.0203165567809358 0.0577735440938407 0.0577328803125923 0.0487088626514785 0.0516860423088078 0.0613841295744216 0.0619212943893947 0.0616361756501376 0.0595311818105398 0.0641530090059554 0.0648617125541182 0.0524574541364397 0.0506951293945312 78.8434555300196 106.461809504706 110.376455960187 119.355090997034 133.41637271774
20190319120217 54 "sad" "main" 299.991583361608 140 0.0220238918728299 0.0235116011153173 0.0593867815912987 0.0595013760061905 0.0476717143339267 0.0462055453933584 0.0620029128327662 0.0609601584361423 0.0594264769353787 0.0602761340249179 0.0590683828081407 0.0589079700816764 0.072820707484654 0.0762775383966618 100.463398482475 115.28027425977 120.830618943033 125.75341596365 129.620759202853
20190319120811 55 "excited" "baseline" 300.004899334228 78 0.0215138053181266 0.0209824378222394 0.0882120191133942 0.0785462058831127 0.0548259202144937 0.0432105366142913 0.0459266052246094 0.0403443603515625 0.085521097867683 0.0691688051017078 0.102181840376421 0.0850770425235525 0.118499708695846 0.117556173571419 43.0891830182382 28.4519371406125 54.2675067947969 58.5620926105852 82.404649660422
20190319120811 55 "excited" "main" 299.995382913308 108 0.0115897665615292 0.0120112881060584 0.0988045691407145 0.0858337430408478 0.0324540358323319 0.0216360238882213 0.0784754042191943 0.0713494407939404 0.0897919828241519 0.0759498968685373 0.110947360950817 0.0906073866900279 0.141178872439325 0.129818058420591 54.0326726317119 79.6737991258413 72.2856910166463 68.1877043829264 102.53214426831
2019032195805 56 "sad" "baseline" 299.987501075411 114 0.0380616694546202 0.0366527335639631 0.108269858936754 0.0897111693903241 0.0622996044158935 0.0509111690521241 0.0871722697544767 0.06686309779931 0.115737687651094 0.0971004825757255 0.131589408874511 0.107556490434918 0.132250891465407 0.11531968104668 66.0886708883415 85.5361366515663 95.2508880371959 101.426051074638 112.43627410826
2019032195805 56 "sad" "main" 299.995221398956 124 0.0304880957812171 0.0298306640247248 0.111744529306845 0.0911205371788708 0.0427654811314175 0.0318015398297992 0.0944731441577834 0.07877276705401 0.138553980707606 0.111443300299856 0.120454954880934 0.0988778787130833 0.149956476935025 0.123474746218411 57.1483854682641 85.9574646498028 94.9461622249653 104.015389038796 120.329232052454
20190321112943 57 "excited" "baseline" 300.011208396789 82 0.0154380104221487 0.0144602878738762 0.0505399182947673 0.0492954303426549 0.0603059692382826 0.0533147621154798 0.0522899983723972 0.0523618056628183 0.0515230712890613 0.0487202000879969 0.0499475479125983 0.0467329423506186 0.0462064722964642 0.0479166783012363 40.98878872639 96.2501897838808 91.264582858753 113.637267483437 117.5259722945
20190321112943 57 "excited" "main" 299.990600402391 147 0.0158155562591635 0.0169421933532265 0.0604396951895991 0.0616822242314765 0.058553264818693 0.0587159682108939 0.0859573541368757 0.0876936994552341 0.0500948320116319 0.0497663046449099 0.0624438425959374 0.0626284029576687 0.0440688929966507 0.0493441908957731 99.0441986984944 116.42234701229 125.811689392708 136.206235887839 148.177439883528
20190321120635 58 "sad" "baseline" 300.003144267734 86 0.00935206619212002 0.0114771412845825 0.0556466343901876 0.0564466636393521 0.0326616668701173 0.0326122283935548 0.0444878616333008 0.0447757367406573 0.0506351318359362 0.0508385844807034 0.085304972330729 0.0858858149601861 0.0596497271611144 0.0616132695576146 30.0201103904031 98.0547158681803 110.578472270946 121.615880368791 127.720362117539
20190321120635 58 "sad" "main" 299.989208484331 111 0.00845901661636525 0.00995983734173431 0.0563783719933243 0.05870473112608 0.0585806239104478 0.0598390975898809 0.0450506112234927 0.054733006907033 0.0685190218970891 0.0634881372943115 0.0561701431274416 0.0568402318514312 0.057275306429182 0.0598592647205703 78.5435125478032 114.377751699886 120.876250949212 125.701900088535 135.077229865749
2019032291052 59 "excited" "baseline" 300.003479061483 89 0.0178069981151451 0.0199963981868572 0.118943982568393 0.0999989290177095 0.0447361477938568 0.0374331301734563 0.0581245994567873 0.048749580383301 0.171434077869762 0.151307845082989 0.11051537543683 0.0932667719387116 0.184529929569788 0.146988134530873 61.2533783758215 46.8148767315174 74.2595404556117 95.9360739595246 107.334493741476
2019032291052 59 "excited" "main" 300.004676884995 135 0.00846123714180965 0.00868377301629823 0.105394409097485 0.085248012776032 0.0512663229028665 0.0403270935472862 0.105711683478237 0.0884482003278275 0.125285783725846 0.102227910875549 0.117807954985518 0.0924993905504331 0.121377426673627 0.0988629359989382 83.585873823851 91.2851591146703 100.119764378001 108.447843905804 120.710697427677
20190322100609 60 "sad" "baseline" 299.990335777035 123 0.017483521000095 0.0179576083851745 0.0662743551096988 0.0631008925661584 0.063222589583624 0.0599459454363045 0.0687469343705598 0.0736680501657752 0.0626153235002 0.0575593865668025 0.0689819526672367 0.0653342463753443 0.0673828061714705 0.0602477927110067 56.8061269851616 85.0401989997623 115.312218519077 120.291313002914 131.141702071559
20190322100609 60 "sad" "main" 299.999075386071 105 0.0184919275123786 0.0198958449523025 0.0529817664944397 0.0535881725887813 0.0499884553797114 0.0505950057085832 0.0593525776110189 0.0589025257081905 0.0526891632080077 0.0521357770647321 0.0522373613226353 0.0531346199136425 0.0509723066354729 0.0531883980617052 79.9765134298854 106.636298952297 122.527286025569 121.890299582901 129.73361568516
20190304140604 61 "excited" "baseline" 300.007309694378 111 0.0246861503758476 0.0245061025092117 0.10632422524842 0.0867313992208127 0.0437327446570764 0.0314694037804238 0.118286639531454 0.0996345772409307 0.105930243554053 0.087003954302363 0.10352241734096 0.0874780115400045 0.124877440452575 0.0988353727466453 33.1557244332725 84.7653904599288 90.7817115841669 86.5913662612019 103.427912337804
20190304140604 61 "excited" "main" 300.003496216407 139 0.0200675371203646 0.0200408934988511 0.103181509213794 0.0850248976264144 0.0345438816236414 0.0263288481339165 0.110960617874608 0.092805439961502 0.115901497774345 0.0968270597706693 0.103090209960938 0.0887006882887621 0.137410032098945 0.108083069541238 71.1048786493801 90.0606747617686 104.871862001447 115.598630381018 120.324633598711
20190304145906 62 "sad" "baseline" 300.003946299178 123 0.0229469800639026 0.0218707823879175 0.11131346303565 0.0932810272419356 0.0621275168971011 0.0474795069266399 0.092701227409339 0.0876235568837753 0.124404473044656 0.101140658530869 0.115773623148599 0.0941013248988545 0.154821971158804 0.127826188395027 39.2828754097725 78.8584032826113 85.0390804273666 92.2361455333676 112.138428933738
20190304145906 62 "sad" "main" 300.020206029841 110 0.0215395398560931 0.0212887758823523 0.0989431700155896 0.0819290590095232 0.0375993092854819 0.0285627068413629 0.088696411193124 0.0742174758325757 0.117331161102691 0.0908296613391167 0.130095565478007 0.116994220958485 0.104949469315379 0.0853491224175313 61.1700766280222 81.6579173207413 90.4509900596046 101.889841352734 110.487876681933
2019030790143 63 "excited" "baseline" 300.005368756764 114 0.031113224189368 0.0321300928484143 0.121097314480416 0.113598971138902 0.0612693710327152 0.0686727385240445 0.104067732030695 0.0905526918217461 0.169514689148247 0.173542128324509 0.10892594197591 0.0857105669294071 0.138909353173297 0.115307675586848 64.6932292416135 77.1566167371614 98.1470832979109 84.8404263405888 76.2337116616044
2019030790143 63 "excited" "main" 300.006907387814 125 0.0307008409728564 0.0315894405670085 0.115424332566298 0.0982727669144516 0.0744974104826118 0.0617821388448625 0.0951373847670569 0.082410649438963 0.142426750070511 0.127726577932185 0.134641973322088 0.110026445386888 0.133133293600644 0.11348830969625 49.8413327705445 89.3010902172275 101.164378912011 104.828923627486 119.94021346097
20190307113548 64 "sad" "baseline" 300.008140224621 85 0.0123319789341518 0.011905633439034 0.0565343199657792 0.0555354946978679 0.0544061462402347 0.0511983352661135 0.0574652794731993 0.0528091458610568 0.0464722736065191 0.0477952462177794 0.0522310180664068 0.0548960618239189 0.0875641443822296 0.0850781878006365 86.2278042707772 105.02925216843 113.611988925628 121.082823685356 125.832352836874
20190307113548 64 "sad" "main" 299.995229851314 125 0.0152913238595708 0.0153536957798319 0.0614413188603518 0.0632138162447695 0.0505172171297946 0.0531540275573735 0.056740397949218 0.0594872353891217 0.056288756485824 0.0610210458099876 0.0482496932312686 0.0472461511038404 0.100876521321086 0.100342478224069 83.3408508057614 107.736190739616 118.883495029412 129.518413424055 130.908719841452
20190308100345 65 "excited" "baseline" 300.013440497483 102 0.0281078281094437 0.0268056623780853 0.106065193380264 0.0904843684577388 0.024371337890625 0.01624755859375 0.0390836958451705 0.0307660328258168 0.10104058946882 0.083331605326228 0.122798058501945 0.104887024966153 0.1518532167632 0.134327786328892 33.2113153671041 80.0919904289429 77.2341822067363 79.8729912790059 103.368091315192
20190308100345 65 "excited" "main" 299.994692808682 114 0.0308141890750565 0.0326543084717715 0.135985381192677 0.116332044763895 0.0677286321466621 0.0529810795593263 0.115332091804985 0.0999791538014134 0.121611695376309 0.102904722690582 0.241149002947126 0.210915809469766 0.161516974599738 0.139465188489201 78.9078669675635 76.6964270540521 94.5731362432028 109.390428950904 117.709435365492
20190308112320 66 "sad" "baseline" 300.010888783234 101 0.0210868243021986 0.0201051024225889 0.111532792842708 0.093868441607679 0.0301519775390625 0.0226411946614583 0.0484620094299318 0.0329793930053712 0.122856998521911 0.107264651477676 0.10311286614158 0.0873293747901918 0.152432898223714 0.128296649612322 7.04324020165781 41.9378642977735 78.9301393997822 78.6462750194519 98.0764164007179
20190308112320 66 "sad" "main" 299.986225029621 126 0.0199458462381748 0.0204223765479501 0.113417950700372 0.0925856461495399 0.0628637417879973 0.0461284093919144 0.101174993581705 0.0808120819022754 0.127116945892455 0.0997008474793886 0.145194612121581 0.123046978879046 0.112035740819472 0.0948219675148657 63.4233521633561 67.1206354690241 86.4538185800228 107.88604986944 71.7848211906951
20190308120148 67 "excited" "baseline" 299.99790110469 102 0.0211290854318665 0.0226244498080168 0.0608991419581137 0.0615013122918012 0.0630747424316405 0.0665103656978397 0.0376463946174155 0.0391670445033463 0.0839552904104261 0.08125015535113 0.0667413210868841 0.0672308030495282 0.0490898947282274 0.0491517585565239 68.6292766620833 104.509299511763 111.146816417658 123.547975652263 130.256114562875
20190308120148 67 "excited" "main" 299.995646143095 133 0.0271361024471638 0.0266062351743034 0.0607977737197303 0.0601111600672317 0.0500512030465265 0.052017711230687 0.0622031249999992 0.0587848931037217 0.0600043261492698 0.0564868809626657 0.0426091412135535 0.0432320709228518 0.0889495413643977 0.0896106080334599 101.055294430073 112.075947500806 114.590351444147 131.590995569916 140.296676943033
20190312121547 68 "sad" "baseline" 299.996465155367 123 0.0370604807654923 0.0353241509219978 0.0614978917767348 0.0619094201487766 0.0668028458305027 0.0677031639762546 0.0626461198594823 0.0594572516360987 0.0501146891457695 0.0515161564585928 0.0700987381987525 0.0684176904028594 0.0597358776274183 0.0631197639234139 51.9563920089481 81.6439549863339 110.52764307767 121.163542913904 134.263690938109
20190312121547 68 "sad" "main" 300.007029541159 143 0.0304984361566262 0.030265050341426 0.0683114317821938 0.0661990003470014 0.0542090784048117 0.0529285188207832 0.0713056983384003 0.0695230035152076 0.0594081709985021 0.0603849983024788 0.0671154901179305 0.0637446309198737 0.0844349115545092 0.080543148408579 84.3695901472336 109.25728150456 118.124352863237 130.205132812201 144.100070791106
2019031490714 69 "excited" "baseline" 299.993707521241 87 0.0324205332788928 0.0304209653451626 0.0954205581521541 0.0780530808322687 0.0837766100796787 0.0680496136160459 0.0830878349784373 0.0665872717119452 0.101344988934406 0.0752307513581607 0.102987872608205 0.0888890393663028 0.105308518226701 0.0867082927037804 23.3346572047853 74.9777616186049 67.0842907014846 64.3125985081076 91.5445914729014
2019031490714 69 "excited" "main" 299.991966335465 144 0.030309214889382 0.0287995755365129 0.113274436945179 0.0954535657309121 0.0645297104408002 0.0498240093362742 0.121885184201327 0.106374075352645 0.118126705046623 0.0949748709542412 0.133944542086854 0.11945532693886 0.127494539533343 0.104608840103988 55.42794105744 86.7028026257101 96.4543554687501 104.336321867068 115.932291090669
20190314100718 70 "sad" "baseline" 299.998828140919 141 0.0179060713769264 0.0188775610260953 0.108074173381911 0.0909381591617148 0.0522915840148927 0.0388741078096278 0.104726782596473 0.0834539796791827 0.120826370675222 0.0947446542700935 0.129236901806247 0.104694925940405 0.131868621826172 0.154890198820955 44.2982545158149 89.5588949195466 104.414879323132 116.848796757297 126.706111829634
20190314100718 70 "sad" "main" 300.015907338005 120 0.0176832565612206 0.0165899901586131 0.101108949065931 0.0842643792049043 0.0575854387159475 0.0442164945201716 0.106590465198864 0.092311762142805 0.10036199792639 0.087281458173479 0.125179325912937 0.104810702145754 0.150802726745606 0.12391328348916 74.6359714056922 89.5489122507266 97.6379286624987 110.361960785754 124.434555539062
20190314111021 71 "excited" "baseline" 299.99604611955 101 0.0192359176124958 0.0189635069183433 0.0540203545123886 0.0558613899915331 0.0522010986328124 0.0506258789062499 0.0517062155983677 0.048644365830856 0.0531888169508698 0.0538008010619171 0.0675431039598256 0.0785335358187686 0.0486276152474542 0.0502090157995694 25.2289138055473 76.3311682637533 92.8935544593312 107.502292908044 117.212171550688
20190314111021 71 "excited" "main" 300.014653326068 136 0.0194921642235792 0.0192896843485833 0.0627632415522321 0.0625092065278138 0.0487500167416183 0.0511735230431769 0.0763193969337302 0.0656641025197505 0.0555353565216068 0.063394808842586 0.0728674367386078 0.0730189938810916 0.0576967707901145 0.058826430778999 91.327177673902 105.566562937394 121.269299925535 112.255895233154 135.551963593309
2019031585938 72 "sad" "baseline" 300.014170896594 147 0.0298080315370703 0.0297788978396773 0.136597020698316 0.107967179207649 0.0563992309570314 0.0439057282478579 0.126992230523716 0.100113708131454 0.120467194693428 0.10238293647766 0.129371676974826 0.101538523020762 0.255224750913423 0.196489543610318 68.2093683796544 85.102168120155 99.3889375522315 110.048654421975 125.298062733056
2019031585938 72 "sad" "main" 300.008610787861 153 0.0298329763687077 0.0291683698159148 0.116742334883764 0.0949167619736544 0.0706046849552741 0.0561891382925409 0.10652519829898 0.0866591696755697 0.13200809987386 0.106741385505312 0.149085736955916 0.118192110231775 0.125595861581655 0.107473032224428 82.5926613054941 93.9919594923383 103.468357973153 121.584817064569 124.291361885299
20190315101140 73 "excited" "baseline" 300.014695285862 155 0.0343388268245272 0.036077424891494 0.0637179534713942 0.0635634552091384 0.0598562446363044 0.0585515399784236 0.0479053548177079 0.0499353584038028 0.0667162744100993 0.068287521430208 0.08391129481328 0.0826295224024246 0.0571775333077562 0.0551299233731351 93.8003462644563 116.156096021222 125.022962297712 139.076839933212 148.536596968367
20190315101140 73 "excited" "main" 299.986641993906 164 0.0329760567328748 0.0353352180766763 0.0585683395837658 0.0611141640914178 0.0618049519856772 0.0586792278834753 0.0460809408651815 0.0467870684522601 0.0560425914417617 0.0564263819981291 0.0880206693240576 0.0936370253872564 0.0431249182564871 0.0522740351070056 87.1719051473834 114.983058580196 123.828041917359 141.18473543004 149.732667331353
20190315100302 74 "sad" "baseline" 299.997539473028 104 0.0200259373923467 0.0186821966297877 0.0940278261024635 0.0773518470612224 0.0459178884405842 0.0349209273488901 0.0967581611822462 0.0814597518285604 0.110462110692804 0.089667646149165 0.112421604503284 0.0929654519217348 0.101249122619629 0.0843743133544918 66.5924608343328 89.1350864381428 95.9547817665999 102.848089499552 112.702730987237
20190315100302 74 "sad" "main" 300.003328699658 165 0.0233699094933248 0.0235296660403738 0.116092773751666 0.0998514212804361 0.0761714744567873 0.0644923233830073 0.114317296614859 0.100210349895723 0.118839051246643 0.101465062560616 0.144917120706468 0.129664658277463 0.138913651474383 0.10765027663287 79.5297141238145 94.7503723661779 110.406331782244 136.757336466157 129.955545476194
20190315120224 75 "excited" "baseline" 299.993699710659 103 0.0246160823129562 0.0233047027003424 0.102965494140732 0.0864962529953259 0.0394191414969309 0.0282461257207962 0.127703626405943 0.121354346262384 0.129712841339927 0.106410547276269 0.109661682128906 0.0952358646673314 0.117160646711075 0.0944178164735118 39.8463530279308 83.5779199846882 91.0576540985913 95.6221835720924 106.774025948531
20190315120224 75 "excited" "main" 299.997911072673 112 0.0217142835703627 0.0210400927708748 0.0996453171088791 0.079755974348923 0.0433488984541463 0.0318684525923297 0.0942913878670796 0.0763703582841724 0.121136274957037 0.0977342799611452 0.11289878540039 0.0926560664585652 0.122051748548235 0.09757744470234 77.7481156386656 86.6141804917872 95.6853304399763 104.398752160975 112.037319057332
2019031885904 76 "sad" "baseline" 299.988642915489 102 0.0184894177200157 0.0188083914393654 0.0856281100866415 0.0770283565932942 0.0299042892456057 0.0201477813720705 0.0643253911880249 0.0552941404824439 0.0890228925863275 0.0844195399077042 0.10704488068694 0.102701574451321 0.118221905048076 0.0957011195591503 31.8060515770232 76.0045486063844 75.5453365053061 83.0297591593061 83.9406234234901
2019031885904 76 "sad" "main" 300.01032802513 120 0.0165930160276588 0.0164132235206856 0.123860170508876 0.101324633809098 0.0389469097186992 0.0331698608398437 0.0720465755918951 0.0565480906011151 0.0946616444945807 0.0785093127492139 0.191938665638799 0.152448467497044 0.178960096695844 0.149292538599114 66.1435515068866 64.6385608897122 88.0898488467502 100.483410310974 112.161504905127
20190318100754 77 "excited" "baseline" 300.004451911925 110 0.00865871650128325 0.00772747222119682 0.0993096408199956 0.0824442068524892 0.0735037777549342 0.0695917005037006 0.0742447586059573 0.0558761686437272 0.113464599609375 0.0945850468413605 0.111572246844952 0.0913268097678389 0.115092242352375 0.0945065427279023 54.200256825279 80.1132043513285 88.6945592448872 98.1805846130544 100.598326147646
20190318100754 77 "excited" "main" 299.996161478706 118 0.00662835331286414 0.00687028961656982 0.102937444654561 0.0880131937071716 0.0548824773741165 0.0514557268275299 0.105835440028797 0.0964343013015448 0.11086947120776 0.0929205876754902 0.11618848211115 0.0955189993722094 0.122920677185058 0.101074474544315 70.3739891863535 85.7919655020069 93.4431087254194 102.680507247732 111.968481021059
20190318110342 78 "sad" "baseline" 300.008993858493 124 0.0251504118724536 0.0261461811815932 0.0665281987344067 0.0655136852420222 0.0675727410316469 0.0653271542512455 0.0858075697525686 0.0799038891088318 0.0506112967597117 0.0482001484493248 0.054595475630327 0.0544509957053447 0.0810641189575198 0.0856954474431821 39.6945786507605 104.94887550979 110.259937787563 124.682159061133 133.116709032246
20190318110342 78 "sad" "main" 300.008898166302 121 0.0211025174483843 0.0197460616948814 0.0543003109388113 0.0531504677827881 0.0583089697265636 0.0581903773850673 0.0598872939336849 0.0593167860429349 0.0441540101858286 0.0454240449081512 0.0567478987749887 0.0500472699333642 0.052316348626747 0.0506571664923267 66.3934621921794 108.534576986906 119.807451603803 108.954662205547 123.395277878204
20190318120444 79 "excited" "baseline" 300.004747479779 139 0.027193655659474 0.0267889003966022 0.0594124153807811 0.0590079385384604 0.0571385002136228 0.0552711768475206 0.0606603832162299 0.0577285229324222 0.0487272324100622 0.0494389417094574 0.0688282324586597 0.071112927350131 0.0624101093837187 0.0610183484626533 80.6519377031547 110.671108552941 121.50971845863 133.543680675839 145.717103363747
20190318120444 79 "excited" "main" 300.010030775454 147 0.0296318120928617 0.0289699936301088 0.0528787636492757 0.052613068444738 0.0533633790857644 0.0503571436745773 0.0557378719698997 0.0581805460686065 0.0511097125349375 0.0516677237189418 0.0551795368857369 0.0547623282392726 0.0441953005109501 0.0433631947257288 82.7333612296387 121.078406276937 129.863964283694 133.932851928245 147.253358487556
20190321111445 80 "sad" "baseline" 300.005970685411 107 0.0383874943424507 0.0375802332597965 0.106001554732445 0.0875700862964882 0.0558306121826171 0.0443875062231924 0.0841105549643484 0.0623153473939688 0.111790673342618 0.0883796873012511 0.135084509192206 0.107355732420571 0.109365612574986 0.108577216131907 38.3354040605741 73.3836087573518 82.7655763985821 97.7526596741725 103.0846034453
20190321111445 80 "sad" "main" 299.999165329634 127 0.0323220506777251 0.0334536420339211 0.0964737420971987 0.0806763764650184 0.0402675543891061 0.0340375094943577 0.105110274628326 0.0873703988968519 0.101646912730824 0.0863699424743655 0.112621840759947 0.0969063167362418 0.128814498237942 0.103323647234352 72.8688082185258 86.8314024967164 87.4646932715766 100.268783150079 104.8656174636
20190321120504 81 "excited" "baseline" 300.005140844964 90 0.0158570853253674 0.0153183251374322 0.0901339277325256 0.0774561650547774 0.0383371582031252 0.0269754231770834 0.0633260839125691 0.05308131498449 0.107089000136088 0.0901657227318356 0.112394690311316 0.11093567439488 0.114160055796305 0.0952857210295544 42.1022893581039 75.6683172703306 68.2187797076985 95.6642420823012 100.538373559287
20190321120504 81 "excited" "main" 300.010979613214 121 0.0198291937834308 0.0192242042358242 0.102195629690215 0.0874315367879226 0.0502079612891992 0.0403030630258414 0.10269291228645 0.0936558421493493 0.114763531969739 0.0962346639232476 0.120195710402268 0.105695080432263 0.126528182983399 0.104330076384188 78.3648782489835 87.9263957437237 95.1584537957695 106.233889129991 115.699384467497
20190322110917 82 "sad" "baseline" 300.006065986584 118 0.0196688418302415 0.0194088480528279 0.0565534015683228 0.0585239419410877 0.0961880493164056 0.0877594757080074 0.0617702910324621 0.0639338664249651 0.0505046148861156 0.0495786666130357 0.0659578089032857 0.0669322027459848 0.0454118217740743 0.0529309499913999 82.941088707488 102.575558387793 118.80875636962 126.791944740261 134.743285934619
20190322110917 82 "sad" "main" 300.00733050103 138 0.0206882243379111 0.0190313929647704 0.0534994458184724 0.0538909720030758 0.0462410162648849 0.0492410188963634 0.0617271769177767 0.0587759539596036 0.0561375470842637 0.0579130072289774 0.0522090657552087 0.0512497456868493 0.0510571839755634 0.0511373347962296 77.1486599723892 116.241295657941 125.241978697941 134.163244032472 144.443400484807
20190322120245 83 "excited" "baseline" 300.001819343177 150 0.0199843750807343 0.0200023214576132 0.0565226857866558 0.0576247215683332 0.0530034879048676 0.0615276718820853 0.0531720440204308 0.0557545658217966 0.0483712739210865 0.0475644422000685 0.0578030339649748 0.0577078800201419 0.0662962215647973 0.0638951382560521 51.8540616160051 110.212784333334 113.061710948452 130.964866112583 140.050286283947
20190322120245 83 "excited" "main" 300.003676419537 147 0.019212926055839 0.0189144951678646 0.0577281057285496 0.058855634818551 0.0848153346668594 0.086994258787249 0.0528732299804674 0.0517723482701087 0.0545194160938265 0.0604602164488575 0.0478248841421946 0.0469595340564492 0.0580490788802719 0.0576770465336617 86.6318197266511 111.094875761349 120.080633423645 129.228897226362 144.145116348565
2019032590722 84 "sad" "baseline" 300.009774518934 72 0.0179591103205605 0.0199113506515164 0.0598994694058857 0.060429573196274 0.0532516610281819 0.0614287654331764 0.0493944447835277 0.0472108590262268 0.0737637939453119 0.0727585649366501 0.0765622882099891 0.0717390857073276 0.0256764711652484 0.0269356218275133 50.8615836669415 61.5825482469824 52.2205242651238 101.708963654404 121.712988045636
2019032590722 84 "sad" "main" 300.003948748677 98 0.020600153011993 0.0195124741205661 0.0510543214852065 0.0507741661028224 0.0454083846451403 0.0466868084498817 0.0681655743091132 0.0667742026941115 0.0391664123535154 0.0392716837453315 0.0476328919150615 0.0504076838993528 0.0482158184051516 0.0454639732063592 52.4782588040099 106.289662723188 110.158734492932 94.3868773840064 93.5229064436802
20190325120632 85 "excited" "baseline" 299.99185102115 133 0.0219859453972416 0.0228455371339705 0.109873707280635 0.0933579712828793 0.0397106656161223 0.0273894153941762 0.110469451904297 0.110915293324895 0.111833670339277 0.0957410135576803 0.1433549785614 0.120964112418037 0.13571945372082 0.105694933607703 50.6225494695169 88.5684985453714 94.9187042526615 83.6142545041785 111.655514619233
20190325120632 85 "excited" "main" 300.005914235733 146 0.0289158267157079 0.0295561134184093 0.12144269096213 0.0984979949007143 0.0511916787283764 0.0406061063494003 0.135252031307028 0.106608322000192 0.139053570556639 0.108171342773436 0.122902300799334 0.0986646642440401 0.154449712117514 0.134586906059639 69.1984449011263 95.1456496129053 107.515260464386 116.200929924544 124.038117032221
2019032890519 86 "sad" "baseline" 299.998449605383 103 0.030044296263152 0.0300731412895784 0.107457971537523 0.09034692914274 0.0867190413041546 0.0632571770163142 0.0149995422363283 0.00999969482421887 0.0637649119984021 0.0528585994944854 0.110326987526633 0.0891007847671675 0.147979594782779 0.128753955967926 35.0703632425058 24.9663323854038 81.9654635235263 94.1713698471286 110.243974896945
2019032890519 86 "sad" "main" 300.00792373604 128 0.0289443956309067 0.0300837523364401 0.11556660735375 0.101015341670763 0.0693894757357507 0.0522885818481443 0.0898808182014911 0.0704678757815441 0.116322190048553 0.102813542472422 0.125639016610605 0.12282268608941 0.145274093211199 0.124860232381737 52.47239666704 87.9065975809821 85.4415890539953 105.462769260033 119.815507353336
20190328110848 87 "excited" "baseline" 299.999154769289 116 0.0328668015237032 0.0334718954480857 0.107166657361117 0.0917086298805052 0.047293487548828 0.0330953369140624 0.0648964799722668 0.0505255965991401 0.109453455018603 0.0926793886888475 0.1294933921269 0.120015984791227 0.128313584504304 0.107102528107472 20.5223491815539 69.7497137989381 92.4433145519221 102.24697346381 110.74094347869
20190328110848 87 "excited" "main" 299.99965647409 107 0.0320626550556038 0.0315240550670502 0.109946100622289 0.0905497772721907 0.0455426194932727 0.0325749263057003 0.107009763960405 0.0858253881117878 0.117900980446555 0.0968691195319681 0.159073438099452 0.13859990460532 0.136397247314453 0.110819527762276 67.7789572432566 88.2427552796683 95.8139717859167 101.312210189602 116.931822023073
20190328122718 88 "sad" "baseline" 300.008756314722 98 0.0266381663182502 0.0272951888133324 0.0650583778692749 0.0627310129574072 0.0688473197937013 0.0676992994748629 0.0528934204101553 0.0578961848667679 0.0541527221679675 0.055174078100853 0.0619604575115703 0.0584481757939063 0.0845465927124027 0.0745515717939899 73.5757814126857 50.0619153491871 112.308997346228 120.173339852719 128.623404170294
20190328122718 88 "sad" "main" 299.988053231583 119 0.0196761185349791 0.0199093550875059 0.0587246978686495 0.0584685755464283 0.0455569553375249 0.0482442977428441 0.0631527726915141 0.0611413072858529 0.0819758057107733 0.0811182453868156 0.0511216408865794 0.0524763025556293 0.0481327361308886 0.0463676156070916 43.0664021927294 97.6022245561254 120.865176008839 123.478976689553 146.952158240965
2019032990446 89 "excited" "baseline" 299.988594884452 98 0.0318726873343062 0.0330608085586462 0.0963434810319945 0.0808767255788338 0.0465766906738283 0.0359447079613097 0.0735983100304239 0.0559645550067609 0.129663932314786 0.112352396534363 0.103528123622404 0.0907230878369562 0.127411891682941 0.104368236432755 56.7118309094434 83.9568785784771 93.0584499769337 98.9563662745372 111.470624178592
2019032990446 89 "excited" "main" 300.002141741962 144 0.0415675872238261 0.039766872704287 0.115981160366174 0.096290504629564 0.0522968444824221 0.046328328450521 0.125232935862108 0.104202118245725 0.124376473703692 0.103953722008912 0.119948120117186 0.0978995328271395 0.158344886779785 0.12876864858774 81.2157847681122 94.2737249663112 103.036938821305 112.455397523486 122.750112995039
2019032995917 90 "sad" "baseline" 300.008856457707 124 0.0324737925095104 0.034096009312155 0.0667845910067934 0.0685559936630513 0.0984887552366163 0.101015976977278 0.053974157714843 0.0566281759744154 0.0597754092856406 0.05986392453455 0.0527453041076661 0.051759719848633 0.0612402169043278 0.0639045760210825 80.7591292874075 93.7471909969714 114.738990150073 124.735037156752 128.418906236814
2019032995917 90 "sad" "main" 299.989093265844 143 0.0244603226803849 0.0252328643797999 0.0677806852647473 0.0659538123675507 0.0600625242345473 0.0579809207114853 0.0553505583370433 0.0538424175634797 0.0563988058907649 0.0549217823573525 0.068573554992676 0.0702151565551759 0.0942517178443158 0.0888400650823458 94.2111376274101 112.989085142491 127.822885022878 118.118577231659 141.148679394571
20190305100659 91 "excited" "baseline" 300.000873903169 86 0.0253585525093321 0.0249934441113957 0.101864762271937 0.0848603829608803 0.0261386489868164 0.0182872772216797 0.0851473365783694 0.0704783920288088 0.109374923243667 0.0911801903336136 0.155018210274832 0.147866202373894 0.117085968017578 0.093549930027553 36.6717309710999 63.1329734971788 65.8984141602809 79.6748617715185 106.378614191952
20190305110136 92 "sad" "baseline" 300.000449481617 106 0.0263102680810664 0.024917361738979 0.0562908763319979 0.0569788993329394 0.0507085922241228 0.0609303428649918 0.0546661403490138 0.0534062624519872 0.0581606704711916 0.0574142260205616 0.0567230232993327 0.0534366899257455 0.0638770375932968 0.0640085705843842 57.7318724307812 82.6704812808913 92.5794627820725 125.396310294768 127.955660594249
20190305110136 92 "sad" "main" 299.996201593562 92 0.0247308183489708 0.0240198548893969 0.0512247636214544 0.0504838370653028 0.0483319865635461 0.0468204260456318 0.0485456516431714 0.0487610523790693 0.0590996170043948 0.0626812853131977 0.0281243991851809 0.0272591004004848 0.0566495829043184 0.0532809773923854 80.2475878278698 110.379165019193 122.063451616073 121.589016302378 126.773038165017
20190308140319 93 "excited" "baseline" 300.005747017139 130 0.0257408695599919 0.0243646207361313 0.110585684566898 0.0923501262076018 0.0527047552811472 0.0427167343281371 0.0869904694990679 0.0722270780825148 0.115148715585311 0.0976713230040661 0.122122251510619 0.107077194213866 0.153112323284149 0.123131356448917 53.8646402279685 78.7750472560074 61.8479881007892 107.89554648706 110.792703364986
20190308140319 93 "excited" "main" 300.010856483054 139 0.0213293693484108 0.0222025618819341 0.123285937355153 0.103089986427969 0.0490717391967776 0.036561784183278 0.113397460128322 0.0933427808425008 0.113717422107034 0.100526088755399 0.151224238659086 0.123903287682166 0.160761543001448 0.135112066569029 78.0854024039034 90.5540107386204 98.8286873692291 112.269613925971 124.555023556744
20190308150752 94 "sad" "baseline" 299.990738356535 84 0.0200033551432837 0.0210021200096888 0.0657973597968296 0.0671144278459294 0.0626746045199312 0.0759202486236717 0.0645516752355248 0.0655745721384265 0.0591027428122111 0.0566618497092707 0.0509992141723637 0.0513783557598411 0.0889061393737797 0.0886411583106838 39.1644564536967 90.7390662139226 93.9718649740869 115.612622257402 124.767303932087
20190308150752 94 "sad" "main" 300.013197411775 106 0.015165491832968 0.0144525425366817 0.0617681831400991 0.062983953408938 0.067450469970704 0.067255495071412 0.0719911661148069 0.0777040997739239 0.0693996428161101 0.0683471063018826 0.0524368045204568 0.0541688247248232 0.0460456288971518 0.0458634092308318 22.0698005669931 104.19302337836 112.485617123374 126.248065807945 131.318742396487
20190308160054 95 "excited" "baseline" 300.004215324473 101 0.038134155975412 0.0369644667732042 0.101764114756594 0.091932984256657 0.0448354547674005 0.0382771994850852 0.0953302062063508 0.0882278097945722 0.106795025805493 0.0906271856402918 0.110631939281117 0.0900358629226685 0.118670881139518 0.115311646070348 35.2143112614854 75.704794022764 86.1048622308776 71.0768007144122 92.5137329392762
20190308160054 95 "excited" "main" 300.008820967949 135 0.0359385864639466 0.0358737487503411 0.117897486589734 0.0969868699887505 0.0612020145763052 0.0437730688207291 0.100698975574358 0.0860925308578767 0.138785857414477 0.116781904993137 0.143944605418614 0.118588390086846 0.131240374247234 0.107953783827562 72.656312157126 89.3952754211426 96.8746314491381 108.52020002714 109.162545608438
2019031190848 96 "sad" "baseline" 299.992113091869 79 0.0337963970730694 0.0315317431751753 0.0884613294623672 0.0708684413731549 0.0430351524848445 0.0305216689336869 0.0955382408728968 0.0722276464609001 0.112911675193093 0.0928630905623777 0.109628096840598 0.0964820270538331 0.0994914902907154 0.0788954561673681 59.0708979917008 84.7784877605454 74.7223879207264 94.1581538187195 99.9961980751834
2019031190848 96 "sad" "main" 300.01220935761 108 0.0309772225092939 0.0291228211875079 0.108335370538555 0.0896043228279568 0.0427175903320313 0.0322091952237216 0.109444616566534 0.0872180039193626 0.107011405251243 0.0920371285606833 0.121019508361817 0.0962968897819525 0.16250158831538 0.142612229118712 76.5961357188116 87.6312891052603 96.418360578638 103.65744591266 112.377130671587
20190311120446 97 "excited" "baseline" 299.987425381976 87 0.0270458273887555 0.0270999611162055 0.0945071110990906 0.0841991215029382 0.04486079624721 0.0423031643458777 0.0946091516668152 0.0826489975873166 0.112473853965858 0.105355073480045 0.10141031413433 0.0845640517148105 0.143540423047411 0.130503384158565 46.5197926425321 81.4310010369868 71.6279442452448 82.146311291217 102.336055910245
20190311120446 97 "excited" "main" 300.012765700538 103 0.0172857264638436 0.0164237983186713 0.0955692485664546 0.0793113468967214 0.0441629791259767 0.0320469482421876 0.102597259868275 0.0867664328182446 0.102654118037724 0.0857487708648406 0.0952816406250002 0.0826896850585943 0.152316544027887 0.127220767622232 76.517637015015 86.3286479025629 85.4860299074458 101.932871202791 104.677093948719
20190312100013 98 "sad" "baseline" 300.001075855024 107 0.0254127885583289 0.0252677884387698 0.105900192623423 0.08575289942593 0.0594520430131393 0.0469472896691525 0.114567994764635 0.0903416886049158 0.142687332519627 0.120836047405963 0.0899987792968756 0.0723205947875981 0.121605804443358 0.0914790932791561 67.9101922503972 94.710909815204 106.786458599488 113.411462120643 111.890514774582
20190312100013 98 "sad" "main" 299.998023071114 150 0.0246317022006576 0.0247354484951327 0.110674191650055 0.0911868568319634 0.0385984584263394 0.0277657354445686 0.0916053674121454 0.0845040166396975 0.140417362721761 0.119478306421057 0.120259544148164 0.0950232641790934 0.147746035257975 0.113406386416183 45.400721886258 91.7209193660788 105.959079611287 116.040427296761 128.529999635611
20190312111252 99 "excited" "baseline" 300.000213118307 84 0.051082290807213 0.0496712586613108 0.108328694843111 0.0902113811460219 0.0421551044170672 0.0361358173076922 0.0671230316162108 0.0496854146321614 0.12816911213706 0.105593098265468 0.110491820496398 0.0917796546551362 0.144769962017353 0.12386851474862 39.9389424440599 38.1554121199473 66.9970273248662 76.6318443809399 79.212750471553
20190312111252 99 "excited" "main" 300.002782310818 115 0.0344468521433124 0.0343866052001537 0.0997782862296558 0.0859762746651965 0.0495536804199219 0.0372594197591146 0.0991737039739437 0.0877579746620329 0.106735835682263 0.0964348258754649 0.106242091128701 0.0869227356874857 0.130006120954242 0.111607784419865 66.4735877835687 83.1428091562153 93.4333425188528 101.72223535724 112.708285570497
2019031590413 100 "sad" "baseline" 300.006123714982 100 0.0128383715190585 0.013996209631433 0.0574997005462645 0.0578085347525626 NA NA 0.0620168952941904 0.0646937785148629 0.0673102449984153 0.064665080075876 0.046346475813124 0.0493468670967299 0.0576254051610048 0.0575898983604034 57.6333705484432 40.8716233819605 106.603446351023 117.908302215007 139.461083807278
2019031590413 100 "sad" "main" 300.005129962161 124 0.0169067385742375 0.0158704420536258 0.0591640810461087 0.0582736533905548 0.0441057827857232 0.0415135487323531 0.0456109408674562 0.0490053429699335 0.0876750448067201 0.0859776878531709 0.0445958232879637 0.0427970886230467 0.0682010138849295 0.0656930457556202 95.270097254476 112.764735240776 125.526202926636 133.771946290736 136.271459896899
20190318100145 101 "excited" "baseline" 299.991150132596 124 0.0129228769879077 0.0149157752940221 0.0586919069014487 0.058247579646746 0.0489641341629563 0.0537898374285017 0.0489866554953826 0.0524743225829339 0.0662980037265356 0.0667464609111188 0.0627011235555017 0.061362956238979 0.0648002629465877 0.0585922190768665 41.6032017966297 101.499211681598 115.33837073634 107.692772868658 133.194027845491
20190318100145 101 "excited" "main" 300.005507281813 122 0.0132089776171392 0.0142428967837278 0.0614094253021885 0.0625541901313479 0.05040636754919 0.0557788537552943 0.0598100280761714 0.0562733277605428 0.0793860947458371 0.0763809404875105 0.0581708760415357 0.0619627685374774 0.0665412776631523 0.0679153646806783 83.295032196045 110.899228826402 117.308003358583 124.254965426104 137.083733797135
20190318120406 102 "sad" "baseline" 299.985092675717 0 NA NA NA NA NA NA NA NA NA NA NA NA NA NA 40.918004716273 52.79765625 52.79765625 12.7104515643765 43.5619006054296
20190318120406 102 "sad" "main" 299.998782878432 110 0.0261662833133614 0.02462382006211 0.10938855373288 0.0902977982460253 0.0670691199364602 0.0496493765887094 0.10842414821278 0.0831722658942729 0.116035627488966 0.0912268696312146 0.122118127950032 0.108739375577654 0.130861911773682 0.113818336179406 54.4319877335566 66.9298056423729 69.2132994200568 97.7804665319801 125.316628670375
20190319132923 103 "excited" "baseline" 299.99324326568 123 0.034754066895571 0.0326297273221124 0.117234163379559 0.0987347800623156 0.051600736730239 0.040396728515625 0.0929382041633907 0.0789916173470123 0.110409281782671 0.0963821326936996 0.156386582897555 0.137426907209081 0.161679136003767 0.125252508919913 46.3131330637617 78.0522383049353 97.0618531098238 93.6984570669719 115.097165382862
20190319132923 103 "excited" "main" 300.004003085101 150 0.0249617973353325 0.025121202170199 0.114754261197837 0.100033929067367 0.0763123201732794 0.0648794512825217 0.114878089922125 0.103350443245383 0.116542933146159 0.0929175291515534 0.125507036096909 0.117851846025462 0.149387879725865 0.122022857934912 74.6920210900245 91.5185548935183 102.162958324412 115.07211735966 98.9408446111456
20190319142417 104 "sad" "baseline" 300.000713618368 99 0.0439042896363207 0.0424571153187879 0.105979006869734 0.091199656179217 0.0496378446880142 0.0376752512078538 0.0983272269026567 0.0879139369954846 0.133103784734553 0.111373871118883 0.111505004216974 0.0990730307006838 0.147240855048684 0.126087164917458 55.3643224852863 70.2468229004577 65.3694505576454 92.5374661888267 91.4752590532752
20190319142417 104 "sad" "main" 300.001443839532 113 0.0330950232633196 0.0322014038381112 0.103397817757469 0.0866252255781626 0.0414439392089845 0.0363264537992932 0.11153079292991 0.0920437577191525 0.133055615873676 0.113732751568261 0.120373588562012 0.100286541530064 0.108642588648302 0.0895278215426389 60.8053127021963 85.9084140725102 93.5441447621189 101.451928043021 109.613666307988
20190319153816 105 "excited" "baseline" 299.985948600762 108 0.035078640626936 0.0356748980652837 0.109610763381271 0.0944513720816296 0.0640024950787741 0.0516388194917017 0.138034683884616 0.110823391157054 0.119980720817269 0.107455213678413 0.115713951416015 0.0973894859095975 0.132146538628472 0.1349511048034 60.7836134909053 86.9757719339277 98.7752320145423 108.212178707033 113.829358305655
20190319153816 105 "excited" "main" 299.994222226918 166 0.0285923812333789 0.0289018817285444 0.126943889714019 0.106702426361579 0.07601192452567 0.0614878812517441 0.121984191690537 0.10194946605194 0.17029551754906 0.142564795355935 0.125782461811726 0.112561382109375 0.150903680735621 0.122067886400372 78.1871916306922 93.3925095118538 108.685240924631 119.680928217334 131.84292451353
20190322125849 106 "sad" "baseline" 300.021614556212 154 0.0277875137808074 0.0288335929023401 0.122641587003726 0.10928170673535 0.06160775400137 0.0524561752191113 0.136757924860174 0.110400855130247 0.106216383022201 0.104232898185993 0.117454696343869 0.115314077576302 0.18502805465307 0.159042277360232 69.1431206480985 91.2644117008851 98.3471368825571 103.246725567927 131.234396547362
20190322125849 106 "sad" "main" 300.003260506992 142 0.0193952410443465 0.0204604189614446 0.11324028043815 0.0924174126778472 0.0630894765546247 0.0510031078707789 0.103012767643124 0.0860844475481692 0.132766165510939 0.104003235526707 0.133995708162821 0.116400275996924 0.138438867511172 0.108997874420613 80.9670521731533 92.6127122335717 101.945428067862 113.904883164945 123.797475135689
2019032590617 107 "excited" "baseline" 299.994418123063 101 0.0171665333189813 0.0153932537422036 0.116124199243197 0.0974881046999437 0.105471954345703 0.0890646362304689 0.116507110595703 0.084866231282552 0.104399955055931 0.0874079671622882 0.124949622577524 0.105106546282673 0.120995010658546 0.103049105672701 43.8431244564515 51.5671052569654 86.3626235420703 97.3821985503831 107.674107635577
2019032590617 107 "excited" "main" 299.994883606501 106 0.0142912144749101 0.0140215309798367 0.106459438369777 0.0859082529284313 NA NA 0.0598634532581678 0.0398693555944107 0.102087752335555 0.0856186653931219 0.116364373779297 0.0973209466494047 0.131407287597655 0.105439133294073 0 45.9354734473602 89.2721626016332 99.3255033394179 109.814151740545
20190325100957 108 "sad" "baseline" 300.000417184248 63 0.0122927016318943 0.0127367252951799 0.0818090892973399 0.0699434159828278 0.0585169408228493 0.0598618246126577 0.0444620386759438 0.0356640116373696 0.067695426940918 0.056289545694987 0.110096580833909 0.09105926690825 0.1112330574089 0.0982759138254019 31.3446078641965 61.4017872804709 77.0216439468161 85.7283146197473 91.919734216909
20190325100957 108 "sad" "main" 300.000547893929 90 0.00865269961715681 0.00946257520989011 0.101450504513255 0.0841245888307605 0.0465793037414553 0.0366131385167441 0.0847556626501168 0.0708872814484464 0.1182513903333 0.0928799156381304 0.126578438085193 0.102553631326427 0.139639238145615 0.125204735277335 55.7772475347672 77.623074164789 88.4990468274133 97.5097171451526 105.117554586981
20190325120552 109 "excited" "baseline" 300.002737046423 102 0.0166361249869685 0.0180781510132599 0.0527123818597874 0.0563180069214745 0.0531462821960448 0.0547051651137214 0.0478466005325312 0.0500152146475651 0.0428850069913 0.0497652601457383 0.0511996078491214 0.0542526382055041 0.070697199090735 0.0743147866115101 21.6908645311812 102.433216343608 115.257305698375 113.512921080276 132.255032903605
20190325120552 109 "excited" "main" 300.022519730914 115 0.0167922396557836 0.0185283054987194 0.0600956634211312 0.0600211120523949 0.0599116858940626 0.0585708793328738 0.0506877075195303 0.0512847380585712 0.0488942070007327 0.0493743755634017 0.0614183144820367 0.0581927128842005 0.0791934471841187 0.0820511198770794 82.34036964934 93.4213976165802 119.844282103483 128.583748577496 140.207758511261
20190326130833 110 "sad" "baseline" 300.010323077271 85 0.0290544433308805 0.0258617870669083 0.0697348277372472 0.0650945193911493 0.115023560333252 0.106221439361572 0.0536794189453143 0.0510862845284616 0.0547220025496041 0.0557906983610864 0.0759135754903156 0.0682335247836268 0.0675874001639228 0.0599661091395784 32.9215188777833 81.9344975974876 94.602820081342 113.770370253288 116.551666639108
20190326130833 110 "sad" "main" 300.006261103187 111 0.0192799234738016 0.0201053137210364 0.0603756857912514 0.0586955307181519 0.0818305792236332 0.0807156040971362 0.0642630933232658 0.066677429816133 0.0573626758741296 0.054507279266197 0.0530453338623051 0.0506573991041921 0.0467239517000966 0.0435570674427996 92.3848037278722 105.89745160487 112.726272877907 121.874070607304 129.960532290341
20190326135513 111 "excited" "baseline" 300.017694763296 118 0.0190273343410292 0.0199797563764877 0.0638671184290408 0.0638846150994448 0.0548743438720711 0.0594461352484576 0.0565078398051989 0.0557806690187357 0.06403023265657 0.061694829561613 0.0631992919921878 0.0639860153432996 0.0780376493013827 0.0758276281290125 69.0688546333494 100.105862143813 100.797449294169 127.031960776881 138.312370120677
20190326135513 111 "excited" "main" 299.998195416091 136 0.0179266972368171 0.0188505027019131 0.0621330480896123 0.0612869549394739 0.0527719032981183 0.0505900845961141 0.0467990519205713 0.048064325838006 0.0462491182180555 0.0468331938523516 0.0632648084789929 0.0589507432417439 0.0953950709751674 0.0959723710790856 78.3808802128711 86.2468791290234 100.565851190243 129.959964379401 141.804971172156
20190326150015 112 "sad" "baseline" 300.00270140223 132 0.0306431785796008 0.0287824660340359 0.112340101205285 0.0970639015546836 0.0605850590359083 0.0469034702637618 0.121248373205012 0.104893028044233 0.113564964710582 0.109263355538505 0.12111464111328 0.0966640408761149 0.158200783362755 0.140227168205799 65.1903459489042 76.3385262478892 95.3524984695113 108.544405558958 116.858894507136
20190326150015 112 "sad" "main" 299.998426974297 134 0.0252136813711323 0.025703157189826 0.100379300701084 0.0842605026790257 0.0431561053882947 0.0322297279507507 0.0964620086343531 0.0792748345635754 0.113654388785712 0.0953551406157184 0.131938818359374 0.113723619800609 0.11568074798584 0.101147482945369 78.6193894086099 81.952616319619 102.299042466108 95.8542620469151 121.61671531785
20190328130553 121 "excited" "baseline" 299.991430266202 123 0.0379723367292851 0.0364215810639898 0.112664981027224 0.0976235779704485 0.0548636810792319 0.0491336503078367 0.0986502820795236 0.0773190262738399 0.124789154792555 0.107559402465821 0.118250700730542 0.111675504747326 0.143819632897011 0.122554854121334 57.7150263418146 82.6936976946398 98.0123249808486 106.739364331734 114.167586509268
20190328130553 121 "excited" "main" 300.010771257929 146 0.0330442984667955 0.0319369719212347 0.110962627624664 0.0950736397800196 0.0436107840904825 0.0345254986102766 0.113144061613848 0.0955654656961302 0.120872935703822 0.10543146561154 0.1291211450511 0.107280979481733 0.141062405027193 0.126573557525996 77.7842757027566 91.6358697366839 104.289287362897 108.247364044189 124.909468118246
20190328140521 122 "sad" "baseline" 300.005055988988 114 0.0208863269346901 0.0209905963773529 0.109545063402094 0.0934424912545459 0.0480198240280154 0.0386005878448488 0.0962324254653039 0.078207433363971 0.125144257570971 0.114515365217071 0.11107460715554 0.0924141697923677 0.133983838880384 0.115226065871054 43.3371273133614 88.0066032275747 92.8506985910601 96.9904347102825 103.826594966098
20190328140521 122 "sad" "main" 300.005372950504 119 0.022487523646044 0.0202684193519799 0.106709425148844 0.0918642849962871 0.015 0.01 0.0399591064453127 0.0277232202990303 0.119680325676413 0.107777311496669 0.148748845236642 0.133711336408342 0.12598110639132 0.103828096752537 4.11906697710631 85.4746876264148 92.2327876370202 101.912988228784 113.883497563435
20190328150544 123 "excited" "baseline" 299.993267415202 137 0.0263310497515089 0.0264881218456854 0.0577668762684366 0.0546081534681046 0.0563406241280697 0.0569910855974475 0.0562076150142779 0.0546985708688278 0.0511243171691898 0.0484124861497149 0.0586252335139684 0.0566913708773527 0.0667352595587668 0.0574649621849897 66.1136211714312 109.241087277296 123.223070768937 136.894649182897 140.505784420017
20190328150544 123 "excited" "main" 300.007756524521 135 0.0266571131038498 0.0282055442309688 0.0592586257288696 0.0580019188603608 0.0606825538917829 0.058614703414787 0.0481460980502032 0.0475942143488826 0.0832582358924713 0.0811643466892303 0.0558705817631316 0.0556210816123271 0.0490378534226193 0.0478529496626423 73.8959487535652 113.418797614978 124.216019265575 132.217932599917 140.628648535736
20190328160559 124 "sad" "baseline" 299.992759973375 124 0.0203855414910617 0.0206651026720124 0.0568436365259409 0.0572565707180328 0.0463843078613282 0.04815229733785 0.055264594711175 0.0566711444450105 0.0668956693712173 0.0674605876805644 0.0597972106933597 0.0583871425281875 0.0533279636928021 0.0528234204379002 59.1643424256956 107.55507878127 118.539818496192 125.214097981397 134.791964069925
20190328160559 124 "sad" "main" 299.990503804304 106 0.0238505835017604 0.0232805908342586 0.0565894013787859 0.0575535293000494 0.0653233337402343 0.0629560470581052 0.0511142871093746 0.0507003285435264 0.0546762932250219 0.055823205485516 0.0635983342137832 0.0651872752833317 0.0515401464189805 0.0546098379655321 23.0711228504789 104.583315081372 114.665810394287 125.192704180766 133.375248159174
20190329150004 125 "excited" "baseline" 299.997775244783 157 0.0263080887336025 0.027984684406302 0.0554740649666753 0.0554818068721412 0.0903065482691714 0.0857342580108026 0.0442029498872299 0.0450664459659686 0.0496208729062764 0.0505699813782754 0.060147220695412 0.059867818338888 0.0522469530607515 0.053002614874588 59.8857106352752 115.047439496178 131.467586184598 136.513128161563 147.543902501507
20190329150004 125 "excited" "main" 300.014582259192 139 0.0201460469459254 0.0193600051392199 0.0537579166925945 0.0544149462894868 0.0437332513982602 0.0427916320453994 0.0630591453609602 0.0614522392745891 0.0499556534865809 0.0527089917928249 0.0503563172476636 0.0523632035688924 0.0577283948625836 0.0593809833873401 96.3493981987929 118.603615962293 125.816383925392 137.564735434695 144.043991516135
20190329110848 131 "excited" "baseline" 300.004906837998 78 0.0265748460862597 0.0288624574868894 0.0684581470978565 0.0653584714839836 0.0696773529052736 0.0695423126220704 0 0 0.069233248901367 0.0677776330130439 0.0569509643554681 0.0608215107341381 0.0812781642033507 0.0694083258232297 55.9982245334309 94.451856321187 99.2240812205901 111.162087257536 119.094468370175
20190329110848 131 "excited" "main" 300.013580666545 127 0.0365079025613742 0.0365082561049387 0.0623519843222721 0.0610075222924202 0.053030720637395 0.0551519620287552 0.047874734061104 0.0536308499697315 0.0702869326273601 0.0625753240732048 0.0597734907695227 0.0569055204680473 0.0803364303304543 0.0775596393776911 73.8381907507595 108.319694850075 120.637934753418 130.983519476529 144.955160770437
20190329120412 132 "sad" "baseline" 300.005705274572 77 0.0193380806820094 0.0226312143047822 0.0645739290852189 0.066781703981837 0.0620641645951706 0.0633972400318495 0.0583284697464209 0.06402104680341 0.0681706171450396 0.0657306519866946 0.0564330291748048 0.0516080751523868 0.0716641414866727 0.0797270679544491 45.3864820714325 101.649772920975 107.174962443331 121.664774622115 115.843589290496
20190329120412 132 "sad" "main" 300.006112794184 117 0.0211522825989175 0.0212793351629356 0.0563114614428472 0.0585245370429954 0.0494840823086829 0.0505208537114134 0.0591230422973624 0.0607742394415878 0.048102798461914 0.0500480305064808 0.0668902359008791 0.0674919052124026 0.0580588870145838 0.0630593318196088 72.1163201161877 108.809850909259 117.315101907394 127.845562526771 134.022882815361
